0	8	TPC-0-N	5	0	0	127	0	39	5	6	15	111	
1	8	TPC-0-N	5	0	0	80	0	38	5	7	0	112	
2	8	TPC-0-N	5	0	0	126	0	37	5	6	14	110	
3	8	TPC-0-N	5	0	0	81	0	36	5	7	1	113	
4	8	TPC-0-N	5	0	0	125	0	35	5	6	13	109	
5	8	TPC-0-N	5	0	0	82	0	34	5	7	2	114	
6	8	TPC-0-N	5	0	0	124	0	33	5	6	12	108	
7	8	TPC-0-N	5	0	0	83	0	32	5	7	3	115	
8	8	TPC-0-N	5	0	0	123	0	31	5	6	11	107	
9	8	TPC-0-N	5	0	0	84	0	30	5	7	4	116	
10	8	TPC-0-N	5	0	0	111	0	29	5	5	15	95	
11	8	TPC-0-N	5	0	0	64	0	28	5	4	0	64	
12	8	TPC-0-N	5	0	0	110	0	27	5	5	14	94	
13	8	TPC-0-N	5	0	0	65	0	26	5	4	1	65	
14	8	TPC-0-N	5	0	0	109	0	25	5	5	13	93	
15	8	TPC-0-N	5	0	0	66	0	24	5	4	2	66	
16	8	TPC-0-N	5	0	0	108	0	23	5	5	12	92	
17	8	TPC-0-N	5	0	0	67	0	22	5	4	3	67	
18	8	TPC-0-N	5	0	0	107	0	21	5	5	11	91	
19	8	TPC-0-N	5	0	0	68	0	20	5	4	4	68	
20	8	TPC-0-N	5	0	0	47	0	19	5	2	15	47	
21	8	TPC-0-N	5	0	0	0	0	18	5	3	0	48	
22	8	TPC-0-N	5	0	0	46	0	17	5	2	14	46	
23	8	TPC-0-N	5	0	0	1	0	16	5	3	1	49	
24	8	TPC-0-N	5	0	0	45	0	15	5	2	13	45	
25	8	TPC-0-N	5	0	0	2	0	14	5	3	2	50	
26	8	TPC-0-N	5	0	0	44	0	13	5	2	12	44	
27	8	TPC-0-N	5	0	0	3	0	12	5	3	3	51	
28	8	TPC-0-N	5	0	0	43	0	11	5	2	11	43	
29	8	TPC-0-N	5	0	0	4	0	10	5	3	4	52	
30	8	TPC-0-N	5	0	0	63	0	9	5	1	15	31	
31	8	TPC-0-N	5	0	0	16	0	8	5	0	0	0	
32	8	TPC-0-N	5	0	0	62	0	7	5	1	14	30	
33	8	TPC-0-N	5	0	0	17	0	6	5	0	1	1	
34	8	TPC-0-N	5	0	0	61	0	5	5	1	13	29	
35	8	TPC-0-N	5	0	0	18	0	4	5	0	2	2	
36	8	TPC-0-N	5	0	0	60	0	3	5	1	12	28	
37	8	TPC-0-N	5	0	0	19	0	2	5	0	3	3	
38	8	TPC-0-N	5	0	0	59	0	1	5	1	11	27	
39	8	TPC-0-N	5	0	0	20	0	0	5	0	4	4	
40	8	TPC-0-N	4	0	1	127	0	39	4	6	15	239	
41	8	TPC-0-N	4	0	1	80	0	38	4	7	0	240	
42	8	TPC-0-N	4	0	1	126	0	37	4	6	14	238	
43	8	TPC-0-N	4	0	1	81	0	36	4	7	1	241	
44	8	TPC-0-N	4	0	1	125	0	35	4	6	13	237	
45	8	TPC-0-N	4	0	1	82	0	34	4	7	2	242	
46	8	TPC-0-N	4	0	1	124	0	33	4	6	12	236	
47	8	TPC-0-N	4	0	1	83	0	32	4	7	3	243	
48	8	TPC-0-N	4	0	1	123	0	31	4	6	11	235	
49	8	TPC-0-N	4	0	1	84	0	30	4	7	4	244	
50	8	TPC-0-N	4	0	1	111	0	29	4	5	15	223	
51	8	TPC-0-N	4	0	1	64	0	28	4	4	0	192	
52	8	TPC-0-N	4	0	1	110	0	27	4	5	14	222	
53	8	TPC-0-N	4	0	1	65	0	26	4	4	1	193	
54	8	TPC-0-N	4	0	1	109	0	25	4	5	13	221	
55	8	TPC-0-N	4	0	1	66	0	24	4	4	2	194	
56	8	TPC-0-N	4	0	1	108	0	23	4	5	12	220	
57	8	TPC-0-N	4	0	1	67	0	22	4	4	3	195	
58	8	TPC-0-N	4	0	1	107	0	21	4	5	11	219	
59	8	TPC-0-N	4	0	1	68	0	20	4	4	4	196	
60	8	TPC-0-N	4	0	1	47	0	19	4	2	15	175	
61	8	TPC-0-N	4	0	1	0	0	18	4	3	0	176	
62	8	TPC-0-N	4	0	1	46	0	17	4	2	14	174	
63	8	TPC-0-N	4	0	1	1	0	16	4	3	1	177	
64	8	TPC-0-N	4	0	1	45	0	15	4	2	13	173	
65	8	TPC-0-N	4	0	1	2	0	14	4	3	2	178	
66	8	TPC-0-N	4	0	1	44	0	13	4	2	12	172	
67	8	TPC-0-N	4	0	1	3	0	12	4	3	3	179	
68	8	TPC-0-N	4	0	1	43	0	11	4	2	11	171	
69	8	TPC-0-N	4	0	1	4	0	10	4	3	4	180	
70	8	TPC-0-N	4	0	1	63	0	9	4	1	15	159	
71	8	TPC-0-N	4	0	1	16	0	8	4	0	0	128	
72	8	TPC-0-N	4	0	1	62	0	7	4	1	14	158	
73	8	TPC-0-N	4	0	1	17	0	6	4	0	1	129	
74	8	TPC-0-N	4	0	1	61	0	5	4	1	13	157	
75	8	TPC-0-N	4	0	1	18	0	4	4	0	2	130	
76	8	TPC-0-N	4	0	1	60	0	3	4	1	12	156	
77	8	TPC-0-N	4	0	1	19	0	2	4	0	3	131	
78	8	TPC-0-N	4	0	1	59	0	1	4	1	11	155	
79	8	TPC-0-N	4	0	1	20	0	0	4	0	4	132	
80	8	TPC-0-N	4	0	0	127	0	39	3	6	15	111	
81	8	TPC-0-N	4	0	0	80	0	38	3	7	0	112	
82	8	TPC-0-N	4	0	0	126	0	37	3	6	14	110	
83	8	TPC-0-N	4	0	0	81	0	36	3	7	1	113	
84	8	TPC-0-N	4	0	0	125	0	35	3	6	13	109	
85	8	TPC-0-N	4	0	0	82	0	34	3	7	2	114	
86	8	TPC-0-N	4	0	0	124	0	33	3	6	12	108	
87	8	TPC-0-N	4	0	0	83	0	32	3	7	3	115	
88	8	TPC-0-N	4	0	0	123	0	31	3	6	11	107	
89	8	TPC-0-N	4	0	0	84	0	30	3	7	4	116	
90	8	TPC-0-N	4	0	0	111	0	29	3	5	15	95	
91	8	TPC-0-N	4	0	0	64	0	28	3	4	0	64	
92	8	TPC-0-N	4	0	0	110	0	27	3	5	14	94	
93	8	TPC-0-N	4	0	0	65	0	26	3	4	1	65	
94	8	TPC-0-N	4	0	0	109	0	25	3	5	13	93	
95	8	TPC-0-N	4	0	0	66	0	24	3	4	2	66	
96	8	TPC-0-N	4	0	0	108	0	23	3	5	12	92	
97	8	TPC-0-N	4	0	0	67	0	22	3	4	3	67	
98	8	TPC-0-N	4	0	0	107	0	21	3	5	11	91	
99	8	TPC-0-N	4	0	0	68	0	20	3	4	4	68	
100	8	TPC-0-N	4	0	0	47	0	19	3	2	15	47	
101	8	TPC-0-N	4	0	0	0	0	18	3	3	0	48	
102	8	TPC-0-N	4	0	0	46	0	17	3	2	14	46	
103	8	TPC-0-N	4	0	0	1	0	16	3	3	1	49	
104	8	TPC-0-N	4	0	0	45	0	15	3	2	13	45	
105	8	TPC-0-N	4	0	0	2	0	14	3	3	2	50	
106	8	TPC-0-N	4	0	0	44	0	13	3	2	12	44	
107	8	TPC-0-N	4	0	0	3	0	12	3	3	3	51	
108	8	TPC-0-N	4	0	0	43	0	11	3	2	11	43	
109	8	TPC-0-N	4	0	0	4	0	10	3	3	4	52	
110	8	TPC-0-N	4	0	0	63	0	9	3	1	15	31	
111	8	TPC-0-N	4	0	0	16	0	8	3	0	0	0	
112	8	TPC-0-N	4	0	0	62	0	7	3	1	14	30	
113	8	TPC-0-N	4	0	0	17	0	6	3	0	1	1	
114	8	TPC-0-N	4	0	0	61	0	5	3	1	13	29	
115	8	TPC-0-N	4	0	0	18	0	4	3	0	2	2	
116	8	TPC-0-N	4	0	0	60	0	3	3	1	12	28	
117	8	TPC-0-N	4	0	0	19	0	2	3	0	3	3	
118	8	TPC-0-N	4	0	0	59	0	1	3	1	11	27	
119	8	TPC-0-N	4	0	0	20	0	0	3	0	4	4	
120	8	TPC-0-N	3	0	1	127	0	39	2	6	15	239	
121	8	TPC-0-N	3	0	1	80	0	38	2	7	0	240	
122	8	TPC-0-N	3	0	1	126	0	37	2	6	14	238	
123	8	TPC-0-N	3	0	1	81	0	36	2	7	1	241	
124	8	TPC-0-N	3	0	1	125	0	35	2	6	13	237	
125	8	TPC-0-N	3	0	1	82	0	34	2	7	2	242	
126	8	TPC-0-N	3	0	1	124	0	33	2	6	12	236	
127	8	TPC-0-N	3	0	1	83	0	32	2	7	3	243	
128	8	TPC-0-N	3	0	1	123	0	31	2	6	11	235	
129	8	TPC-0-N	3	0	1	84	0	30	2	7	4	244	
130	8	TPC-0-N	3	0	1	111	0	29	2	5	15	223	
131	8	TPC-0-N	3	0	1	64	0	28	2	4	0	192	
132	8	TPC-0-N	3	0	1	110	0	27	2	5	14	222	
133	8	TPC-0-N	3	0	1	65	0	26	2	4	1	193	
134	8	TPC-0-N	3	0	1	109	0	25	2	5	13	221	
135	8	TPC-0-N	3	0	1	66	0	24	2	4	2	194	
136	8	TPC-0-N	3	0	1	108	0	23	2	5	12	220	
137	8	TPC-0-N	3	0	1	67	0	22	2	4	3	195	
138	8	TPC-0-N	3	0	1	107	0	21	2	5	11	219	
139	8	TPC-0-N	3	0	1	68	0	20	2	4	4	196	
140	8	TPC-0-N	3	0	1	47	0	19	2	2	15	175	
141	8	TPC-0-N	3	0	1	0	0	18	2	3	0	176	
142	8	TPC-0-N	3	0	1	46	0	17	2	2	14	174	
143	8	TPC-0-N	3	0	1	1	0	16	2	3	1	177	
144	8	TPC-0-N	3	0	1	45	0	15	2	2	13	173	
145	8	TPC-0-N	3	0	1	2	0	14	2	3	2	178	
146	8	TPC-0-N	3	0	1	44	0	13	2	2	12	172	
147	8	TPC-0-N	3	0	1	3	0	12	2	3	3	179	
148	8	TPC-0-N	3	0	1	43	0	11	2	2	11	171	
149	8	TPC-0-N	3	0	1	4	0	10	2	3	4	180	
150	8	TPC-0-N	3	0	1	63	0	9	2	1	15	159	
151	8	TPC-0-N	3	0	1	16	0	8	2	0	0	128	
152	8	TPC-0-N	3	0	1	62	0	7	2	1	14	158	
153	8	TPC-0-N	3	0	1	17	0	6	2	0	1	129	
154	8	TPC-0-N	3	0	1	61	0	5	2	1	13	157	
155	8	TPC-0-N	3	0	1	18	0	4	2	0	2	130	
156	8	TPC-0-N	3	0	1	60	0	3	2	1	12	156	
157	8	TPC-0-N	3	0	1	19	0	2	2	0	3	131	
158	8	TPC-0-N	3	0	1	59	0	1	2	1	11	155	
159	8	TPC-0-N	3	0	1	20	0	0	2	0	4	132	
160	8	TPC-0-N	3	0	0	127	0	39	1	6	15	111	
161	8	TPC-0-N	3	0	0	80	0	38	1	7	0	112	
162	8	TPC-0-N	3	0	0	126	0	37	1	6	14	110	
163	8	TPC-0-N	3	0	0	81	0	36	1	7	1	113	
164	8	TPC-0-N	3	0	0	125	0	35	1	6	13	109	
165	8	TPC-0-N	3	0	0	82	0	34	1	7	2	114	
166	8	TPC-0-N	3	0	0	124	0	33	1	6	12	108	
167	8	TPC-0-N	3	0	0	83	0	32	1	7	3	115	
168	8	TPC-0-N	3	0	0	123	0	31	1	6	11	107	
169	8	TPC-0-N	3	0	0	84	0	30	1	7	4	116	
170	8	TPC-0-N	3	0	0	111	0	29	1	5	15	95	
171	8	TPC-0-N	3	0	0	64	0	28	1	4	0	64	
172	8	TPC-0-N	3	0	0	110	0	27	1	5	14	94	
173	8	TPC-0-N	3	0	0	65	0	26	1	4	1	65	
174	8	TPC-0-N	3	0	0	109	0	25	1	5	13	93	
175	8	TPC-0-N	3	0	0	66	0	24	1	4	2	66	
176	8	TPC-0-N	3	0	0	108	0	23	1	5	12	92	
177	8	TPC-0-N	3	0	0	67	0	22	1	4	3	67	
178	8	TPC-0-N	3	0	0	107	0	21	1	5	11	91	
179	8	TPC-0-N	3	0	0	68	0	20	1	4	4	68	
180	8	TPC-0-N	3	0	0	47	0	19	1	2	15	47	
181	8	TPC-0-N	3	0	0	0	0	18	1	3	0	48	
182	8	TPC-0-N	3	0	0	46	0	17	1	2	14	46	
183	8	TPC-0-N	3	0	0	1	0	16	1	3	1	49	
184	8	TPC-0-N	3	0	0	45	0	15	1	2	13	45	
185	8	TPC-0-N	3	0	0	2	0	14	1	3	2	50	
186	8	TPC-0-N	3	0	0	44	0	13	1	2	12	44	
187	8	TPC-0-N	3	0	0	3	0	12	1	3	3	51	
188	8	TPC-0-N	3	0	0	43	0	11	1	2	11	43	
189	8	TPC-0-N	3	0	0	4	0	10	1	3	4	52	
190	8	TPC-0-N	3	0	0	63	0	9	1	1	15	31	
191	8	TPC-0-N	3	0	0	16	0	8	1	0	0	0	
192	8	TPC-0-N	3	0	0	62	0	7	1	1	14	30	
193	8	TPC-0-N	3	0	0	17	0	6	1	0	1	1	
194	8	TPC-0-N	3	0	0	61	0	5	1	1	13	29	
195	8	TPC-0-N	3	0	0	18	0	4	1	0	2	2	
196	8	TPC-0-N	3	0	0	60	0	3	1	1	12	28	
197	8	TPC-0-N	3	0	0	19	0	2	1	0	3	3	
198	8	TPC-0-N	3	0	0	59	0	1	1	1	11	27	
199	8	TPC-0-N	3	0	0	20	0	0	1	0	4	4	
200	8	TPC-0-S	3	1	0	127	0	39	10	6	15	111	
201	8	TPC-0-S	3	1	0	80	0	38	10	7	0	112	
202	8	TPC-0-S	3	1	0	126	0	37	10	6	14	110	
203	8	TPC-0-S	3	1	0	81	0	36	10	7	1	113	
204	8	TPC-0-S	3	1	0	125	0	35	10	6	13	109	
205	8	TPC-0-S	3	1	0	82	0	34	10	7	2	114	
206	8	TPC-0-S	3	1	0	124	0	33	10	6	12	108	
207	8	TPC-0-S	3	1	0	83	0	32	10	7	3	115	
208	8	TPC-0-S	3	1	0	123	0	31	10	6	11	107	
209	8	TPC-0-S	3	1	0	84	0	30	10	7	4	116	
210	8	TPC-0-S	3	1	0	111	0	29	10	5	15	95	
211	8	TPC-0-S	3	1	0	64	0	28	10	4	0	64	
212	8	TPC-0-S	3	1	0	110	0	27	10	5	14	94	
213	8	TPC-0-S	3	1	0	65	0	26	10	4	1	65	
214	8	TPC-0-S	3	1	0	109	0	25	10	5	13	93	
215	8	TPC-0-S	3	1	0	66	0	24	10	4	2	66	
216	8	TPC-0-S	3	1	0	108	0	23	10	5	12	92	
217	8	TPC-0-S	3	1	0	67	0	22	10	4	3	67	
218	8	TPC-0-S	3	1	0	107	0	21	10	5	11	91	
219	8	TPC-0-S	3	1	0	68	0	20	10	4	4	68	
220	8	TPC-0-S	3	1	0	47	0	19	10	2	15	47	
221	8	TPC-0-S	3	1	0	0	0	18	10	3	0	48	
222	8	TPC-0-S	3	1	0	46	0	17	10	2	14	46	
223	8	TPC-0-S	3	1	0	1	0	16	10	3	1	49	
224	8	TPC-0-S	3	1	0	45	0	15	10	2	13	45	
225	8	TPC-0-S	3	1	0	2	0	14	10	3	2	50	
226	8	TPC-0-S	3	1	0	44	0	13	10	2	12	44	
227	8	TPC-0-S	3	1	0	3	0	12	10	3	3	51	
228	8	TPC-0-S	3	1	0	43	0	11	10	2	11	43	
229	8	TPC-0-S	3	1	0	4	0	10	10	3	4	52	
230	8	TPC-0-S	3	1	0	63	0	9	10	1	15	31	
231	8	TPC-0-S	3	1	0	16	0	8	10	0	0	0	
232	8	TPC-0-S	3	1	0	62	0	7	10	1	14	30	
233	8	TPC-0-S	3	1	0	17	0	6	10	0	1	1	
234	8	TPC-0-S	3	1	0	61	0	5	10	1	13	29	
235	8	TPC-0-S	3	1	0	18	0	4	10	0	2	2	
236	8	TPC-0-S	3	1	0	60	0	3	10	1	12	28	
237	8	TPC-0-S	3	1	0	19	0	2	10	0	3	3	
238	8	TPC-0-S	3	1	0	59	0	1	10	1	11	27	
239	8	TPC-0-S	3	1	0	20	0	0	10	0	4	4	
240	8	TPC-0-S	3	1	1	127	0	39	9	6	15	239	
241	8	TPC-0-S	3	1	1	80	0	38	9	7	0	240	
242	8	TPC-0-S	3	1	1	126	0	37	9	6	14	238	
243	8	TPC-0-S	3	1	1	81	0	36	9	7	1	241	
244	8	TPC-0-S	3	1	1	125	0	35	9	6	13	237	
245	8	TPC-0-S	3	1	1	82	0	34	9	7	2	242	
246	8	TPC-0-S	3	1	1	124	0	33	9	6	12	236	
247	8	TPC-0-S	3	1	1	83	0	32	9	7	3	243	
248	8	TPC-0-S	3	1	1	123	0	31	9	6	11	235	
249	8	TPC-0-S	3	1	1	84	0	30	9	7	4	244	
250	8	TPC-0-S	3	1	1	111	0	29	9	5	15	223	
251	8	TPC-0-S	3	1	1	64	0	28	9	4	0	192	
252	8	TPC-0-S	3	1	1	110	0	27	9	5	14	222	
253	8	TPC-0-S	3	1	1	65	0	26	9	4	1	193	
254	8	TPC-0-S	3	1	1	109	0	25	9	5	13	221	
255	8	TPC-0-S	3	1	1	66	0	24	9	4	2	194	
256	8	TPC-0-S	3	1	1	108	0	23	9	5	12	220	
257	8	TPC-0-S	3	1	1	67	0	22	9	4	3	195	
258	8	TPC-0-S	3	1	1	107	0	21	9	5	11	219	
259	8	TPC-0-S	3	1	1	68	0	20	9	4	4	196	
260	8	TPC-0-S	3	1	1	47	0	19	9	2	15	175	
261	8	TPC-0-S	3	1	1	0	0	18	9	3	0	176	
262	8	TPC-0-S	3	1	1	46	0	17	9	2	14	174	
263	8	TPC-0-S	3	1	1	1	0	16	9	3	1	177	
264	8	TPC-0-S	3	1	1	45	0	15	9	2	13	173	
265	8	TPC-0-S	3	1	1	2	0	14	9	3	2	178	
266	8	TPC-0-S	3	1	1	44	0	13	9	2	12	172	
267	8	TPC-0-S	3	1	1	3	0	12	9	3	3	179	
268	8	TPC-0-S	3	1	1	43	0	11	9	2	11	171	
269	8	TPC-0-S	3	1	1	4	0	10	9	3	4	180	
270	8	TPC-0-S	3	1	1	63	0	9	9	1	15	159	
271	8	TPC-0-S	3	1	1	16	0	8	9	0	0	128	
272	8	TPC-0-S	3	1	1	62	0	7	9	1	14	158	
273	8	TPC-0-S	3	1	1	17	0	6	9	0	1	129	
274	8	TPC-0-S	3	1	1	61	0	5	9	1	13	157	
275	8	TPC-0-S	3	1	1	18	0	4	9	0	2	130	
276	8	TPC-0-S	3	1	1	60	0	3	9	1	12	156	
277	8	TPC-0-S	3	1	1	19	0	2	9	0	3	131	
278	8	TPC-0-S	3	1	1	59	0	1	9	1	11	155	
279	8	TPC-0-S	3	1	1	20	0	0	9	0	4	132	
280	8	TPC-0-S	4	1	0	127	0	39	8	6	15	111	
281	8	TPC-0-S	4	1	0	80	0	38	8	7	0	112	
282	8	TPC-0-S	4	1	0	126	0	37	8	6	14	110	
283	8	TPC-0-S	4	1	0	81	0	36	8	7	1	113	
284	8	TPC-0-S	4	1	0	125	0	35	8	6	13	109	
285	8	TPC-0-S	4	1	0	82	0	34	8	7	2	114	
286	8	TPC-0-S	4	1	0	124	0	33	8	6	12	108	
287	8	TPC-0-S	4	1	0	83	0	32	8	7	3	115	
288	8	TPC-0-S	4	1	0	123	0	31	8	6	11	107	
289	8	TPC-0-S	4	1	0	84	0	30	8	7	4	116	
290	8	TPC-0-S	4	1	0	111	0	29	8	5	15	95	
291	8	TPC-0-S	4	1	0	64	0	28	8	4	0	64	
292	8	TPC-0-S	4	1	0	110	0	27	8	5	14	94	
293	8	TPC-0-S	4	1	0	65	0	26	8	4	1	65	
294	8	TPC-0-S	4	1	0	109	0	25	8	5	13	93	
295	8	TPC-0-S	4	1	0	66	0	24	8	4	2	66	
296	8	TPC-0-S	4	1	0	108	0	23	8	5	12	92	
297	8	TPC-0-S	4	1	0	67	0	22	8	4	3	67	
298	8	TPC-0-S	4	1	0	107	0	21	8	5	11	91	
299	8	TPC-0-S	4	1	0	68	0	20	8	4	4	68	
300	8	TPC-0-S	4	1	0	47	0	19	8	2	15	47	
301	8	TPC-0-S	4	1	0	0	0	18	8	3	0	48	
302	8	TPC-0-S	4	1	0	46	0	17	8	2	14	46	
303	8	TPC-0-S	4	1	0	1	0	16	8	3	1	49	
304	8	TPC-0-S	4	1	0	45	0	15	8	2	13	45	
305	8	TPC-0-S	4	1	0	2	0	14	8	3	2	50	
306	8	TPC-0-S	4	1	0	44	0	13	8	2	12	44	
307	8	TPC-0-S	4	1	0	3	0	12	8	3	3	51	
308	8	TPC-0-S	4	1	0	43	0	11	8	2	11	43	
309	8	TPC-0-S	4	1	0	4	0	10	8	3	4	52	
310	8	TPC-0-S	4	1	0	63	0	9	8	1	15	31	
311	8	TPC-0-S	4	1	0	16	0	8	8	0	0	0	
312	8	TPC-0-S	4	1	0	62	0	7	8	1	14	30	
313	8	TPC-0-S	4	1	0	17	0	6	8	0	1	1	
314	8	TPC-0-S	4	1	0	61	0	5	8	1	13	29	
315	8	TPC-0-S	4	1	0	18	0	4	8	0	2	2	
316	8	TPC-0-S	4	1	0	60	0	3	8	1	12	28	
317	8	TPC-0-S	4	1	0	19	0	2	8	0	3	3	
318	8	TPC-0-S	4	1	0	59	0	1	8	1	11	27	
319	8	TPC-0-S	4	1	0	20	0	0	8	0	4	4	
320	8	TPC-0-S	4	1	1	127	0	39	7	6	15	239	
321	8	TPC-0-S	4	1	1	80	0	38	7	7	0	240	
322	8	TPC-0-S	4	1	1	126	0	37	7	6	14	238	
323	8	TPC-0-S	4	1	1	81	0	36	7	7	1	241	
324	8	TPC-0-S	4	1	1	125	0	35	7	6	13	237	
325	8	TPC-0-S	4	1	1	82	0	34	7	7	2	242	
326	8	TPC-0-S	4	1	1	124	0	33	7	6	12	236	
327	8	TPC-0-S	4	1	1	83	0	32	7	7	3	243	
328	8	TPC-0-S	4	1	1	123	0	31	7	6	11	235	
329	8	TPC-0-S	4	1	1	84	0	30	7	7	4	244	
330	8	TPC-0-S	4	1	1	111	0	29	7	5	15	223	
331	8	TPC-0-S	4	1	1	64	0	28	7	4	0	192	
332	8	TPC-0-S	4	1	1	110	0	27	7	5	14	222	
333	8	TPC-0-S	4	1	1	65	0	26	7	4	1	193	
334	8	TPC-0-S	4	1	1	109	0	25	7	5	13	221	
335	8	TPC-0-S	4	1	1	66	0	24	7	4	2	194	
336	8	TPC-0-S	4	1	1	108	0	23	7	5	12	220	
337	8	TPC-0-S	4	1	1	67	0	22	7	4	3	195	
338	8	TPC-0-S	4	1	1	107	0	21	7	5	11	219	
339	8	TPC-0-S	4	1	1	68	0	20	7	4	4	196	
340	8	TPC-0-S	4	1	1	47	0	19	7	2	15	175	
341	8	TPC-0-S	4	1	1	0	0	18	7	3	0	176	
342	8	TPC-0-S	4	1	1	46	0	17	7	2	14	174	
343	8	TPC-0-S	4	1	1	1	0	16	7	3	1	177	
344	8	TPC-0-S	4	1	1	45	0	15	7	2	13	173	
345	8	TPC-0-S	4	1	1	2	0	14	7	3	2	178	
346	8	TPC-0-S	4	1	1	44	0	13	7	2	12	172	
347	8	TPC-0-S	4	1	1	3	0	12	7	3	3	179	
348	8	TPC-0-S	4	1	1	43	0	11	7	2	11	171	
349	8	TPC-0-S	4	1	1	4	0	10	7	3	4	180	
350	8	TPC-0-S	4	1	1	63	0	9	7	1	15	159	
351	8	TPC-0-S	4	1	1	16	0	8	7	0	0	128	
352	8	TPC-0-S	4	1	1	62	0	7	7	1	14	158	
353	8	TPC-0-S	4	1	1	17	0	6	7	0	1	129	
354	8	TPC-0-S	4	1	1	61	0	5	7	1	13	157	
355	8	TPC-0-S	4	1	1	18	0	4	7	0	2	130	
356	8	TPC-0-S	4	1	1	60	0	3	7	1	12	156	
357	8	TPC-0-S	4	1	1	19	0	2	7	0	3	131	
358	8	TPC-0-S	4	1	1	59	0	1	7	1	11	155	
359	8	TPC-0-S	4	1	1	20	0	0	7	0	4	132	
360	8	TPC-0-S	5	0	1	127	0	39	6	6	15	239	
361	8	TPC-0-S	5	0	1	80	0	38	6	7	0	240	
362	8	TPC-0-S	5	0	1	126	0	37	6	6	14	238	
363	8	TPC-0-S	5	0	1	81	0	36	6	7	1	241	
364	8	TPC-0-S	5	0	1	125	0	35	6	6	13	237	
365	8	TPC-0-S	5	0	1	82	0	34	6	7	2	242	
366	8	TPC-0-S	5	0	1	124	0	33	6	6	12	236	
367	8	TPC-0-S	5	0	1	83	0	32	6	7	3	243	
368	8	TPC-0-S	5	0	1	123	0	31	6	6	11	235	
369	8	TPC-0-S	5	0	1	84	0	30	6	7	4	244	
370	8	TPC-0-S	5	0	1	111	0	29	6	5	15	223	
371	8	TPC-0-S	5	0	1	64	0	28	6	4	0	192	
372	8	TPC-0-S	5	0	1	110	0	27	6	5	14	222	
373	8	TPC-0-S	5	0	1	65	0	26	6	4	1	193	
374	8	TPC-0-S	5	0	1	109	0	25	6	5	13	221	
375	8	TPC-0-S	5	0	1	66	0	24	6	4	2	194	
376	8	TPC-0-S	5	0	1	108	0	23	6	5	12	220	
377	8	TPC-0-S	5	0	1	67	0	22	6	4	3	195	
378	8	TPC-0-S	5	0	1	107	0	21	6	5	11	219	
379	8	TPC-0-S	5	0	1	68	0	20	6	4	4	196	
380	8	TPC-0-S	5	0	1	47	0	19	6	2	15	175	
381	8	TPC-0-S	5	0	1	0	0	18	6	3	0	176	
382	8	TPC-0-S	5	0	1	46	0	17	6	2	14	174	
383	8	TPC-0-S	5	0	1	1	0	16	6	3	1	177	
384	8	TPC-0-S	5	0	1	45	0	15	6	2	13	173	
385	8	TPC-0-S	5	0	1	2	0	14	6	3	2	178	
386	8	TPC-0-S	5	0	1	44	0	13	6	2	12	172	
387	8	TPC-0-S	5	0	1	3	0	12	6	3	3	179	
388	8	TPC-0-S	5	0	1	43	0	11	6	2	11	171	
389	8	TPC-0-S	5	0	1	4	0	10	6	3	4	180	
390	8	TPC-0-S	5	0	1	63	0	9	6	1	15	159	
391	8	TPC-0-S	5	0	1	16	0	8	6	0	0	128	
392	8	TPC-0-S	5	0	1	62	0	7	6	1	14	158	
393	8	TPC-0-S	5	0	1	17	0	6	6	0	1	129	
394	8	TPC-0-S	5	0	1	61	0	5	6	1	13	157	
395	8	TPC-0-S	5	0	1	18	0	4	6	0	2	130	
396	8	TPC-0-S	5	0	1	60	0	3	6	1	12	156	
397	8	TPC-0-S	5	0	1	19	0	2	6	0	3	131	
398	8	TPC-0-S	5	0	1	59	0	1	6	1	11	155	
399	8	TPC-0-S	5	0	1	20	0	0	6	0	4	132	
400	8	TPC-0-N	3	0	0	25	1	0	1	0	9	9	
401	8	TPC-0-N	3	0	0	54	1	1	1	1	6	22	
402	8	TPC-0-N	3	0	0	24	1	2	1	0	8	8	
403	8	TPC-0-N	3	0	0	55	1	3	1	1	7	23	
404	8	TPC-0-N	3	0	0	23	1	4	1	0	7	7	
405	8	TPC-0-N	3	0	0	56	1	5	1	1	8	24	
406	8	TPC-0-N	3	0	0	22	1	6	1	0	6	6	
407	8	TPC-0-N	3	0	0	57	1	7	1	1	9	25	
408	8	TPC-0-N	3	0	0	21	1	8	1	0	5	5	
409	8	TPC-0-N	3	0	0	58	1	9	1	1	10	26	
410	8	TPC-0-N	3	0	0	9	1	10	1	3	9	57	
411	8	TPC-0-N	3	0	0	38	1	11	1	2	6	38	
412	8	TPC-0-N	3	0	0	8	1	12	1	3	8	56	
413	8	TPC-0-N	3	0	0	39	1	13	1	2	7	39	
414	8	TPC-0-N	3	0	0	7	1	14	1	3	7	55	
415	8	TPC-0-N	3	0	0	40	1	15	1	2	8	40	
416	8	TPC-0-N	3	0	0	6	1	16	1	3	6	54	
417	8	TPC-0-N	3	0	0	41	1	17	1	2	9	41	
418	8	TPC-0-N	3	0	0	5	1	18	1	3	5	53	
419	8	TPC-0-N	3	0	0	42	1	19	1	2	10	42	
420	8	TPC-0-N	3	0	0	73	1	20	1	4	9	73	
421	8	TPC-0-N	3	0	0	102	1	21	1	5	6	86	
422	8	TPC-0-N	3	0	0	72	1	22	1	4	8	72	
423	8	TPC-0-N	3	0	0	103	1	23	1	5	7	87	
424	8	TPC-0-N	3	0	0	71	1	24	1	4	7	71	
425	8	TPC-0-N	3	0	0	104	1	25	1	5	8	88	
426	8	TPC-0-N	3	0	0	70	1	26	1	4	6	70	
427	8	TPC-0-N	3	0	0	105	1	27	1	5	9	89	
428	8	TPC-0-N	3	0	0	69	1	28	1	4	5	69	
429	8	TPC-0-N	3	0	0	106	1	29	1	5	10	90	
430	8	TPC-0-N	3	0	0	89	1	30	1	7	9	121	
431	8	TPC-0-N	3	0	0	118	1	31	1	6	6	102	
432	8	TPC-0-N	3	0	0	88	1	32	1	7	8	120	
433	8	TPC-0-N	3	0	0	119	1	33	1	6	7	103	
434	8	TPC-0-N	3	0	0	87	1	34	1	7	7	119	
435	8	TPC-0-N	3	0	0	120	1	35	1	6	8	104	
436	8	TPC-0-N	3	0	0	86	1	36	1	7	6	118	
437	8	TPC-0-N	3	0	0	121	1	37	1	6	9	105	
438	8	TPC-0-N	3	0	0	85	1	38	1	7	5	117	
439	8	TPC-0-N	3	0	0	122	1	39	1	6	10	106	
440	8	TPC-0-N	3	0	1	25	1	0	2	0	9	137	
441	8	TPC-0-N	3	0	1	54	1	1	2	1	6	150	
442	8	TPC-0-N	3	0	1	24	1	2	2	0	8	136	
443	8	TPC-0-N	3	0	1	55	1	3	2	1	7	151	
444	8	TPC-0-N	3	0	1	23	1	4	2	0	7	135	
445	8	TPC-0-N	3	0	1	56	1	5	2	1	8	152	
446	8	TPC-0-N	3	0	1	22	1	6	2	0	6	134	
447	8	TPC-0-N	3	0	1	57	1	7	2	1	9	153	
448	8	TPC-0-N	3	0	1	21	1	8	2	0	5	133	
449	8	TPC-0-N	3	0	1	58	1	9	2	1	10	154	
450	8	TPC-0-N	3	0	1	9	1	10	2	3	9	185	
451	8	TPC-0-N	3	0	1	38	1	11	2	2	6	166	
452	8	TPC-0-N	3	0	1	8	1	12	2	3	8	184	
453	8	TPC-0-N	3	0	1	39	1	13	2	2	7	167	
454	8	TPC-0-N	3	0	1	7	1	14	2	3	7	183	
455	8	TPC-0-N	3	0	1	40	1	15	2	2	8	168	
456	8	TPC-0-N	3	0	1	6	1	16	2	3	6	182	
457	8	TPC-0-N	3	0	1	41	1	17	2	2	9	169	
458	8	TPC-0-N	3	0	1	5	1	18	2	3	5	181	
459	8	TPC-0-N	3	0	1	42	1	19	2	2	10	170	
460	8	TPC-0-N	3	0	1	73	1	20	2	4	9	201	
461	8	TPC-0-N	3	0	1	102	1	21	2	5	6	214	
462	8	TPC-0-N	3	0	1	72	1	22	2	4	8	200	
463	8	TPC-0-N	3	0	1	103	1	23	2	5	7	215	
464	8	TPC-0-N	3	0	1	71	1	24	2	4	7	199	
465	8	TPC-0-N	3	0	1	104	1	25	2	5	8	216	
466	8	TPC-0-N	3	0	1	70	1	26	2	4	6	198	
467	8	TPC-0-N	3	0	1	105	1	27	2	5	9	217	
468	8	TPC-0-N	3	0	1	69	1	28	2	4	5	197	
469	8	TPC-0-N	3	0	1	106	1	29	2	5	10	218	
470	8	TPC-0-N	3	0	1	89	1	30	2	7	9	249	
471	8	TPC-0-N	3	0	1	118	1	31	2	6	6	230	
472	8	TPC-0-N	3	0	1	88	1	32	2	7	8	248	
473	8	TPC-0-N	3	0	1	119	1	33	2	6	7	231	
474	8	TPC-0-N	3	0	1	87	1	34	2	7	7	247	
475	8	TPC-0-N	3	0	1	120	1	35	2	6	8	232	
476	8	TPC-0-N	3	0	1	86	1	36	2	7	6	246	
477	8	TPC-0-N	3	0	1	121	1	37	2	6	9	233	
478	8	TPC-0-N	3	0	1	85	1	38	2	7	5	245	
479	8	TPC-0-N	3	0	1	122	1	39	2	6	10	234	
480	8	TPC-0-N	4	0	0	25	1	0	3	0	9	9	
481	8	TPC-0-N	4	0	0	54	1	1	3	1	6	22	
482	8	TPC-0-N	4	0	0	24	1	2	3	0	8	8	
483	8	TPC-0-N	4	0	0	55	1	3	3	1	7	23	
484	8	TPC-0-N	4	0	0	23	1	4	3	0	7	7	
485	8	TPC-0-N	4	0	0	56	1	5	3	1	8	24	
486	8	TPC-0-N	4	0	0	22	1	6	3	0	6	6	
487	8	TPC-0-N	4	0	0	57	1	7	3	1	9	25	
488	8	TPC-0-N	4	0	0	21	1	8	3	0	5	5	
489	8	TPC-0-N	4	0	0	58	1	9	3	1	10	26	
490	8	TPC-0-N	4	0	0	9	1	10	3	3	9	57	
491	8	TPC-0-N	4	0	0	38	1	11	3	2	6	38	
492	8	TPC-0-N	4	0	0	8	1	12	3	3	8	56	
493	8	TPC-0-N	4	0	0	39	1	13	3	2	7	39	
494	8	TPC-0-N	4	0	0	7	1	14	3	3	7	55	
495	8	TPC-0-N	4	0	0	40	1	15	3	2	8	40	
496	8	TPC-0-N	4	0	0	6	1	16	3	3	6	54	
497	8	TPC-0-N	4	0	0	41	1	17	3	2	9	41	
498	8	TPC-0-N	4	0	0	5	1	18	3	3	5	53	
499	8	TPC-0-N	4	0	0	42	1	19	3	2	10	42	
500	8	TPC-0-N	4	0	0	73	1	20	3	4	9	73	
501	8	TPC-0-N	4	0	0	102	1	21	3	5	6	86	
502	8	TPC-0-N	4	0	0	72	1	22	3	4	8	72	
503	8	TPC-0-N	4	0	0	103	1	23	3	5	7	87	
504	8	TPC-0-N	4	0	0	71	1	24	3	4	7	71	
505	8	TPC-0-N	4	0	0	104	1	25	3	5	8	88	
506	8	TPC-0-N	4	0	0	70	1	26	3	4	6	70	
507	8	TPC-0-N	4	0	0	105	1	27	3	5	9	89	
508	8	TPC-0-N	4	0	0	69	1	28	3	4	5	69	
509	8	TPC-0-N	4	0	0	106	1	29	3	5	10	90	
510	8	TPC-0-N	4	0	0	89	1	30	3	7	9	121	
511	8	TPC-0-N	4	0	0	118	1	31	3	6	6	102	
512	8	TPC-0-N	4	0	0	88	1	32	3	7	8	120	
513	8	TPC-0-N	4	0	0	119	1	33	3	6	7	103	
514	8	TPC-0-N	4	0	0	87	1	34	3	7	7	119	
515	8	TPC-0-N	4	0	0	120	1	35	3	6	8	104	
516	8	TPC-0-N	4	0	0	86	1	36	3	7	6	118	
517	8	TPC-0-N	4	0	0	121	1	37	3	6	9	105	
518	8	TPC-0-N	4	0	0	85	1	38	3	7	5	117	
519	8	TPC-0-N	4	0	0	122	1	39	3	6	10	106	
520	8	TPC-0-N	4	0	1	25	1	0	4	0	9	137	
521	8	TPC-0-N	4	0	1	54	1	1	4	1	6	150	
522	8	TPC-0-N	4	0	1	24	1	2	4	0	8	136	
523	8	TPC-0-N	4	0	1	55	1	3	4	1	7	151	
524	8	TPC-0-N	4	0	1	23	1	4	4	0	7	135	
525	8	TPC-0-N	4	0	1	56	1	5	4	1	8	152	
526	8	TPC-0-N	4	0	1	22	1	6	4	0	6	134	
527	8	TPC-0-N	4	0	1	57	1	7	4	1	9	153	
528	8	TPC-0-N	4	0	1	21	1	8	4	0	5	133	
529	8	TPC-0-N	4	0	1	58	1	9	4	1	10	154	
530	8	TPC-0-N	4	0	1	9	1	10	4	3	9	185	
531	8	TPC-0-N	4	0	1	38	1	11	4	2	6	166	
532	8	TPC-0-N	4	0	1	8	1	12	4	3	8	184	
533	8	TPC-0-N	4	0	1	39	1	13	4	2	7	167	
534	8	TPC-0-N	4	0	1	7	1	14	4	3	7	183	
535	8	TPC-0-N	4	0	1	40	1	15	4	2	8	168	
536	8	TPC-0-N	4	0	1	6	1	16	4	3	6	182	
537	8	TPC-0-N	4	0	1	41	1	17	4	2	9	169	
538	8	TPC-0-N	4	0	1	5	1	18	4	3	5	181	
539	8	TPC-0-N	4	0	1	42	1	19	4	2	10	170	
540	8	TPC-0-N	4	0	1	73	1	20	4	4	9	201	
541	8	TPC-0-N	4	0	1	102	1	21	4	5	6	214	
542	8	TPC-0-N	4	0	1	72	1	22	4	4	8	200	
543	8	TPC-0-N	4	0	1	103	1	23	4	5	7	215	
544	8	TPC-0-N	4	0	1	71	1	24	4	4	7	199	
545	8	TPC-0-N	4	0	1	104	1	25	4	5	8	216	
546	8	TPC-0-N	4	0	1	70	1	26	4	4	6	198	
547	8	TPC-0-N	4	0	1	105	1	27	4	5	9	217	
548	8	TPC-0-N	4	0	1	69	1	28	4	4	5	197	
549	8	TPC-0-N	4	0	1	106	1	29	4	5	10	218	
550	8	TPC-0-N	4	0	1	89	1	30	4	7	9	249	
551	8	TPC-0-N	4	0	1	118	1	31	4	6	6	230	
552	8	TPC-0-N	4	0	1	88	1	32	4	7	8	248	
553	8	TPC-0-N	4	0	1	119	1	33	4	6	7	231	
554	8	TPC-0-N	4	0	1	87	1	34	4	7	7	247	
555	8	TPC-0-N	4	0	1	120	1	35	4	6	8	232	
556	8	TPC-0-N	4	0	1	86	1	36	4	7	6	246	
557	8	TPC-0-N	4	0	1	121	1	37	4	6	9	233	
558	8	TPC-0-N	4	0	1	85	1	38	4	7	5	245	
559	8	TPC-0-N	4	0	1	122	1	39	4	6	10	234	
560	8	TPC-0-N	5	0	0	25	1	0	5	0	9	9	
561	8	TPC-0-N	5	0	0	54	1	1	5	1	6	22	
562	8	TPC-0-N	5	0	0	24	1	2	5	0	8	8	
563	8	TPC-0-N	5	0	0	55	1	3	5	1	7	23	
564	8	TPC-0-N	5	0	0	23	1	4	5	0	7	7	
565	8	TPC-0-N	5	0	0	56	1	5	5	1	8	24	
566	8	TPC-0-N	5	0	0	22	1	6	5	0	6	6	
567	8	TPC-0-N	5	0	0	57	1	7	5	1	9	25	
568	8	TPC-0-N	5	0	0	21	1	8	5	0	5	5	
569	8	TPC-0-N	5	0	0	58	1	9	5	1	10	26	
570	8	TPC-0-N	5	0	0	9	1	10	5	3	9	57	
571	8	TPC-0-N	5	0	0	38	1	11	5	2	6	38	
572	8	TPC-0-N	5	0	0	8	1	12	5	3	8	56	
573	8	TPC-0-N	5	0	0	39	1	13	5	2	7	39	
574	8	TPC-0-N	5	0	0	7	1	14	5	3	7	55	
575	8	TPC-0-N	5	0	0	40	1	15	5	2	8	40	
576	8	TPC-0-N	5	0	0	6	1	16	5	3	6	54	
577	8	TPC-0-N	5	0	0	41	1	17	5	2	9	41	
578	8	TPC-0-N	5	0	0	5	1	18	5	3	5	53	
579	8	TPC-0-N	5	0	0	42	1	19	5	2	10	42	
580	8	TPC-0-N	5	0	0	73	1	20	5	4	9	73	
581	8	TPC-0-N	5	0	0	102	1	21	5	5	6	86	
582	8	TPC-0-N	5	0	0	72	1	22	5	4	8	72	
583	8	TPC-0-N	5	0	0	103	1	23	5	5	7	87	
584	8	TPC-0-N	5	0	0	71	1	24	5	4	7	71	
585	8	TPC-0-N	5	0	0	104	1	25	5	5	8	88	
586	8	TPC-0-N	5	0	0	70	1	26	5	4	6	70	
587	8	TPC-0-N	5	0	0	105	1	27	5	5	9	89	
588	8	TPC-0-N	5	0	0	69	1	28	5	4	5	69	
589	8	TPC-0-N	5	0	0	106	1	29	5	5	10	90	
590	8	TPC-0-N	5	0	0	89	1	30	5	7	9	121	
591	8	TPC-0-N	5	0	0	118	1	31	5	6	6	102	
592	8	TPC-0-N	5	0	0	88	1	32	5	7	8	120	
593	8	TPC-0-N	5	0	0	119	1	33	5	6	7	103	
594	8	TPC-0-N	5	0	0	87	1	34	5	7	7	119	
595	8	TPC-0-N	5	0	0	120	1	35	5	6	8	104	
596	8	TPC-0-N	5	0	0	86	1	36	5	7	6	118	
597	8	TPC-0-N	5	0	0	121	1	37	5	6	9	105	
598	8	TPC-0-N	5	0	0	85	1	38	5	7	5	117	
599	8	TPC-0-N	5	0	0	122	1	39	5	6	10	106	
600	8	TPC-0-S	5	0	1	25	1	0	6	0	9	137	
601	8	TPC-0-S	5	0	1	54	1	1	6	1	6	150	
602	8	TPC-0-S	5	0	1	24	1	2	6	0	8	136	
603	8	TPC-0-S	5	0	1	55	1	3	6	1	7	151	
604	8	TPC-0-S	5	0	1	23	1	4	6	0	7	135	
605	8	TPC-0-S	5	0	1	56	1	5	6	1	8	152	
606	8	TPC-0-S	5	0	1	22	1	6	6	0	6	134	
607	8	TPC-0-S	5	0	1	57	1	7	6	1	9	153	
608	8	TPC-0-S	5	0	1	21	1	8	6	0	5	133	
609	8	TPC-0-S	5	0	1	58	1	9	6	1	10	154	
610	8	TPC-0-S	5	0	1	9	1	10	6	3	9	185	
611	8	TPC-0-S	5	0	1	38	1	11	6	2	6	166	
612	8	TPC-0-S	5	0	1	8	1	12	6	3	8	184	
613	8	TPC-0-S	5	0	1	39	1	13	6	2	7	167	
614	8	TPC-0-S	5	0	1	7	1	14	6	3	7	183	
615	8	TPC-0-S	5	0	1	40	1	15	6	2	8	168	
616	8	TPC-0-S	5	0	1	6	1	16	6	3	6	182	
617	8	TPC-0-S	5	0	1	41	1	17	6	2	9	169	
618	8	TPC-0-S	5	0	1	5	1	18	6	3	5	181	
619	8	TPC-0-S	5	0	1	42	1	19	6	2	10	170	
620	8	TPC-0-S	5	0	1	73	1	20	6	4	9	201	
621	8	TPC-0-S	5	0	1	102	1	21	6	5	6	214	
622	8	TPC-0-S	5	0	1	72	1	22	6	4	8	200	
623	8	TPC-0-S	5	0	1	103	1	23	6	5	7	215	
624	8	TPC-0-S	5	0	1	71	1	24	6	4	7	199	
625	8	TPC-0-S	5	0	1	104	1	25	6	5	8	216	
626	8	TPC-0-S	5	0	1	70	1	26	6	4	6	198	
627	8	TPC-0-S	5	0	1	105	1	27	6	5	9	217	
628	8	TPC-0-S	5	0	1	69	1	28	6	4	5	197	
629	8	TPC-0-S	5	0	1	106	1	29	6	5	10	218	
630	8	TPC-0-S	5	0	1	89	1	30	6	7	9	249	
631	8	TPC-0-S	5	0	1	118	1	31	6	6	6	230	
632	8	TPC-0-S	5	0	1	88	1	32	6	7	8	248	
633	8	TPC-0-S	5	0	1	119	1	33	6	6	7	231	
634	8	TPC-0-S	5	0	1	87	1	34	6	7	7	247	
635	8	TPC-0-S	5	0	1	120	1	35	6	6	8	232	
636	8	TPC-0-S	5	0	1	86	1	36	6	7	6	246	
637	8	TPC-0-S	5	0	1	121	1	37	6	6	9	233	
638	8	TPC-0-S	5	0	1	85	1	38	6	7	5	245	
639	8	TPC-0-S	5	0	1	122	1	39	6	6	10	234	
640	8	TPC-0-S	4	1	1	25	1	0	7	0	9	137	
641	8	TPC-0-S	4	1	1	54	1	1	7	1	6	150	
642	8	TPC-0-S	4	1	1	24	1	2	7	0	8	136	
643	8	TPC-0-S	4	1	1	55	1	3	7	1	7	151	
644	8	TPC-0-S	4	1	1	23	1	4	7	0	7	135	
645	8	TPC-0-S	4	1	1	56	1	5	7	1	8	152	
646	8	TPC-0-S	4	1	1	22	1	6	7	0	6	134	
647	8	TPC-0-S	4	1	1	57	1	7	7	1	9	153	
648	8	TPC-0-S	4	1	1	21	1	8	7	0	5	133	
649	8	TPC-0-S	4	1	1	58	1	9	7	1	10	154	
650	8	TPC-0-S	4	1	1	9	1	10	7	3	9	185	
651	8	TPC-0-S	4	1	1	38	1	11	7	2	6	166	
652	8	TPC-0-S	4	1	1	8	1	12	7	3	8	184	
653	8	TPC-0-S	4	1	1	39	1	13	7	2	7	167	
654	8	TPC-0-S	4	1	1	7	1	14	7	3	7	183	
655	8	TPC-0-S	4	1	1	40	1	15	7	2	8	168	
656	8	TPC-0-S	4	1	1	6	1	16	7	3	6	182	
657	8	TPC-0-S	4	1	1	41	1	17	7	2	9	169	
658	8	TPC-0-S	4	1	1	5	1	18	7	3	5	181	
659	8	TPC-0-S	4	1	1	42	1	19	7	2	10	170	
660	8	TPC-0-S	4	1	1	73	1	20	7	4	9	201	
661	8	TPC-0-S	4	1	1	102	1	21	7	5	6	214	
662	8	TPC-0-S	4	1	1	72	1	22	7	4	8	200	
663	8	TPC-0-S	4	1	1	103	1	23	7	5	7	215	
664	8	TPC-0-S	4	1	1	71	1	24	7	4	7	199	
665	8	TPC-0-S	4	1	1	104	1	25	7	5	8	216	
666	8	TPC-0-S	4	1	1	70	1	26	7	4	6	198	
667	8	TPC-0-S	4	1	1	105	1	27	7	5	9	217	
668	8	TPC-0-S	4	1	1	69	1	28	7	4	5	197	
669	8	TPC-0-S	4	1	1	106	1	29	7	5	10	218	
670	8	TPC-0-S	4	1	1	89	1	30	7	7	9	249	
671	8	TPC-0-S	4	1	1	118	1	31	7	6	6	230	
672	8	TPC-0-S	4	1	1	88	1	32	7	7	8	248	
673	8	TPC-0-S	4	1	1	119	1	33	7	6	7	231	
674	8	TPC-0-S	4	1	1	87	1	34	7	7	7	247	
675	8	TPC-0-S	4	1	1	120	1	35	7	6	8	232	
676	8	TPC-0-S	4	1	1	86	1	36	7	7	6	246	
677	8	TPC-0-S	4	1	1	121	1	37	7	6	9	233	
678	8	TPC-0-S	4	1	1	85	1	38	7	7	5	245	
679	8	TPC-0-S	4	1	1	122	1	39	7	6	10	234	
680	8	TPC-0-S	4	1	0	25	1	0	8	0	9	9	
681	8	TPC-0-S	4	1	0	54	1	1	8	1	6	22	
682	8	TPC-0-S	4	1	0	24	1	2	8	0	8	8	
683	8	TPC-0-S	4	1	0	55	1	3	8	1	7	23	
684	8	TPC-0-S	4	1	0	23	1	4	8	0	7	7	
685	8	TPC-0-S	4	1	0	56	1	5	8	1	8	24	
686	8	TPC-0-S	4	1	0	22	1	6	8	0	6	6	
687	8	TPC-0-S	4	1	0	57	1	7	8	1	9	25	
688	8	TPC-0-S	4	1	0	21	1	8	8	0	5	5	
689	8	TPC-0-S	4	1	0	58	1	9	8	1	10	26	
690	8	TPC-0-S	4	1	0	9	1	10	8	3	9	57	
691	8	TPC-0-S	4	1	0	38	1	11	8	2	6	38	
692	8	TPC-0-S	4	1	0	8	1	12	8	3	8	56	
693	8	TPC-0-S	4	1	0	39	1	13	8	2	7	39	
694	8	TPC-0-S	4	1	0	7	1	14	8	3	7	55	
695	8	TPC-0-S	4	1	0	40	1	15	8	2	8	40	
696	8	TPC-0-S	4	1	0	6	1	16	8	3	6	54	
697	8	TPC-0-S	4	1	0	41	1	17	8	2	9	41	
698	8	TPC-0-S	4	1	0	5	1	18	8	3	5	53	
699	8	TPC-0-S	4	1	0	42	1	19	8	2	10	42	
700	8	TPC-0-S	4	1	0	73	1	20	8	4	9	73	
701	8	TPC-0-S	4	1	0	102	1	21	8	5	6	86	
702	8	TPC-0-S	4	1	0	72	1	22	8	4	8	72	
703	8	TPC-0-S	4	1	0	103	1	23	8	5	7	87	
704	8	TPC-0-S	4	1	0	71	1	24	8	4	7	71	
705	8	TPC-0-S	4	1	0	104	1	25	8	5	8	88	
706	8	TPC-0-S	4	1	0	70	1	26	8	4	6	70	
707	8	TPC-0-S	4	1	0	105	1	27	8	5	9	89	
708	8	TPC-0-S	4	1	0	69	1	28	8	4	5	69	
709	8	TPC-0-S	4	1	0	106	1	29	8	5	10	90	
710	8	TPC-0-S	4	1	0	89	1	30	8	7	9	121	
711	8	TPC-0-S	4	1	0	118	1	31	8	6	6	102	
712	8	TPC-0-S	4	1	0	88	1	32	8	7	8	120	
713	8	TPC-0-S	4	1	0	119	1	33	8	6	7	103	
714	8	TPC-0-S	4	1	0	87	1	34	8	7	7	119	
715	8	TPC-0-S	4	1	0	120	1	35	8	6	8	104	
716	8	TPC-0-S	4	1	0	86	1	36	8	7	6	118	
717	8	TPC-0-S	4	1	0	121	1	37	8	6	9	105	
718	8	TPC-0-S	4	1	0	85	1	38	8	7	5	117	
719	8	TPC-0-S	4	1	0	122	1	39	8	6	10	106	
720	8	TPC-0-S	3	1	1	25	1	0	9	0	9	137	
721	8	TPC-0-S	3	1	1	54	1	1	9	1	6	150	
722	8	TPC-0-S	3	1	1	24	1	2	9	0	8	136	
723	8	TPC-0-S	3	1	1	55	1	3	9	1	7	151	
724	8	TPC-0-S	3	1	1	23	1	4	9	0	7	135	
725	8	TPC-0-S	3	1	1	56	1	5	9	1	8	152	
726	8	TPC-0-S	3	1	1	22	1	6	9	0	6	134	
727	8	TPC-0-S	3	1	1	57	1	7	9	1	9	153	
728	8	TPC-0-S	3	1	1	21	1	8	9	0	5	133	
729	8	TPC-0-S	3	1	1	58	1	9	9	1	10	154	
730	8	TPC-0-S	3	1	1	9	1	10	9	3	9	185	
731	8	TPC-0-S	3	1	1	38	1	11	9	2	6	166	
732	8	TPC-0-S	3	1	1	8	1	12	9	3	8	184	
733	8	TPC-0-S	3	1	1	39	1	13	9	2	7	167	
734	8	TPC-0-S	3	1	1	7	1	14	9	3	7	183	
735	8	TPC-0-S	3	1	1	40	1	15	9	2	8	168	
736	8	TPC-0-S	3	1	1	6	1	16	9	3	6	182	
737	8	TPC-0-S	3	1	1	41	1	17	9	2	9	169	
738	8	TPC-0-S	3	1	1	5	1	18	9	3	5	181	
739	8	TPC-0-S	3	1	1	42	1	19	9	2	10	170	
740	8	TPC-0-S	3	1	1	73	1	20	9	4	9	201	
741	8	TPC-0-S	3	1	1	102	1	21	9	5	6	214	
742	8	TPC-0-S	3	1	1	72	1	22	9	4	8	200	
743	8	TPC-0-S	3	1	1	103	1	23	9	5	7	215	
744	8	TPC-0-S	3	1	1	71	1	24	9	4	7	199	
745	8	TPC-0-S	3	1	1	104	1	25	9	5	8	216	
746	8	TPC-0-S	3	1	1	70	1	26	9	4	6	198	
747	8	TPC-0-S	3	1	1	105	1	27	9	5	9	217	
748	8	TPC-0-S	3	1	1	69	1	28	9	4	5	197	
749	8	TPC-0-S	3	1	1	106	1	29	9	5	10	218	
750	8	TPC-0-S	3	1	1	89	1	30	9	7	9	249	
751	8	TPC-0-S	3	1	1	118	1	31	9	6	6	230	
752	8	TPC-0-S	3	1	1	88	1	32	9	7	8	248	
753	8	TPC-0-S	3	1	1	119	1	33	9	6	7	231	
754	8	TPC-0-S	3	1	1	87	1	34	9	7	7	247	
755	8	TPC-0-S	3	1	1	120	1	35	9	6	8	232	
756	8	TPC-0-S	3	1	1	86	1	36	9	7	6	246	
757	8	TPC-0-S	3	1	1	121	1	37	9	6	9	233	
758	8	TPC-0-S	3	1	1	85	1	38	9	7	5	245	
759	8	TPC-0-S	3	1	1	122	1	39	9	6	10	234	
760	8	TPC-0-S	3	1	0	25	1	0	10	0	9	9	
761	8	TPC-0-S	3	1	0	54	1	1	10	1	6	22	
762	8	TPC-0-S	3	1	0	24	1	2	10	0	8	8	
763	8	TPC-0-S	3	1	0	55	1	3	10	1	7	23	
764	8	TPC-0-S	3	1	0	23	1	4	10	0	7	7	
765	8	TPC-0-S	3	1	0	56	1	5	10	1	8	24	
766	8	TPC-0-S	3	1	0	22	1	6	10	0	6	6	
767	8	TPC-0-S	3	1	0	57	1	7	10	1	9	25	
768	8	TPC-0-S	3	1	0	21	1	8	10	0	5	5	
769	8	TPC-0-S	3	1	0	58	1	9	10	1	10	26	
770	8	TPC-0-S	3	1	0	9	1	10	10	3	9	57	
771	8	TPC-0-S	3	1	0	38	1	11	10	2	6	38	
772	8	TPC-0-S	3	1	0	8	1	12	10	3	8	56	
773	8	TPC-0-S	3	1	0	39	1	13	10	2	7	39	
774	8	TPC-0-S	3	1	0	7	1	14	10	3	7	55	
775	8	TPC-0-S	3	1	0	40	1	15	10	2	8	40	
776	8	TPC-0-S	3	1	0	6	1	16	10	3	6	54	
777	8	TPC-0-S	3	1	0	41	1	17	10	2	9	41	
778	8	TPC-0-S	3	1	0	5	1	18	10	3	5	53	
779	8	TPC-0-S	3	1	0	42	1	19	10	2	10	42	
780	8	TPC-0-S	3	1	0	73	1	20	10	4	9	73	
781	8	TPC-0-S	3	1	0	102	1	21	10	5	6	86	
782	8	TPC-0-S	3	1	0	72	1	22	10	4	8	72	
783	8	TPC-0-S	3	1	0	103	1	23	10	5	7	87	
784	8	TPC-0-S	3	1	0	71	1	24	10	4	7	71	
785	8	TPC-0-S	3	1	0	104	1	25	10	5	8	88	
786	8	TPC-0-S	3	1	0	70	1	26	10	4	6	70	
787	8	TPC-0-S	3	1	0	105	1	27	10	5	9	89	
788	8	TPC-0-S	3	1	0	69	1	28	10	4	5	69	
789	8	TPC-0-S	3	1	0	106	1	29	10	5	10	90	
790	8	TPC-0-S	3	1	0	89	1	30	10	7	9	121	
791	8	TPC-0-S	3	1	0	118	1	31	10	6	6	102	
792	8	TPC-0-S	3	1	0	88	1	32	10	7	8	120	
793	8	TPC-0-S	3	1	0	119	1	33	10	6	7	103	
794	8	TPC-0-S	3	1	0	87	1	34	10	7	7	119	
795	8	TPC-0-S	3	1	0	120	1	35	10	6	8	104	
796	8	TPC-0-S	3	1	0	86	1	36	10	7	6	118	
797	8	TPC-0-S	3	1	0	121	1	37	10	6	9	105	
798	8	TPC-0-S	3	1	0	85	1	38	10	7	5	117	
799	8	TPC-0-S	3	1	0	122	1	39	10	6	10	106	
800	8	TPC-0-N	3	0	0	31	2	0	1	0	15	15	
801	8	TPC-0-N	3	0	0	48	2	1	1	1	0	16	
802	8	TPC-0-N	3	0	0	30	2	2	1	0	14	14	
803	8	TPC-0-N	3	0	0	49	2	3	1	1	1	17	
804	8	TPC-0-N	3	0	0	29	2	4	1	0	13	13	
805	8	TPC-0-N	3	0	0	50	2	5	1	1	2	18	
806	8	TPC-0-N	3	0	0	28	2	6	1	0	12	12	
807	8	TPC-0-N	3	0	0	51	2	7	1	1	3	19	
808	8	TPC-0-N	3	0	0	27	2	8	1	0	11	11	
809	8	TPC-0-N	3	0	0	52	2	9	1	1	4	20	
810	8	TPC-0-N	3	0	0	26	2	10	1	0	10	10	
811	8	TPC-0-N	3	0	0	53	2	11	1	1	5	21	
812	8	TPC-0-N	3	0	0	15	2	12	1	3	15	63	
813	8	TPC-0-N	3	0	0	32	2	13	1	2	0	32	
814	8	TPC-0-N	3	0	0	14	2	14	1	3	14	62	
815	8	TPC-0-N	3	0	0	33	2	15	1	2	1	33	
816	8	TPC-0-N	3	0	0	13	2	16	1	3	13	61	
817	8	TPC-0-N	3	0	0	34	2	17	1	2	2	34	
818	8	TPC-0-N	3	0	0	12	2	18	1	3	12	60	
819	8	TPC-0-N	3	0	0	35	2	19	1	2	3	35	
820	8	TPC-0-N	3	0	0	11	2	20	1	3	11	59	
821	8	TPC-0-N	3	0	0	36	2	21	1	2	4	36	
822	8	TPC-0-N	3	0	0	10	2	22	1	3	10	58	
823	8	TPC-0-N	3	0	0	37	2	23	1	2	5	37	
824	8	TPC-0-N	3	0	0	79	2	24	1	4	15	79	
825	8	TPC-0-N	3	0	0	96	2	25	1	5	0	80	
826	8	TPC-0-N	3	0	0	78	2	26	1	4	14	78	
827	8	TPC-0-N	3	0	0	97	2	27	1	5	1	81	
828	8	TPC-0-N	3	0	0	77	2	28	1	4	13	77	
829	8	TPC-0-N	3	0	0	98	2	29	1	5	2	82	
830	8	TPC-0-N	3	0	0	76	2	30	1	4	12	76	
831	8	TPC-0-N	3	0	0	99	2	31	1	5	3	83	
832	8	TPC-0-N	3	0	0	75	2	32	1	4	11	75	
833	8	TPC-0-N	3	0	0	100	2	33	1	5	4	84	
834	8	TPC-0-N	3	0	0	74	2	34	1	4	10	74	
835	8	TPC-0-N	3	0	0	101	2	35	1	5	5	85	
836	8	TPC-0-N	3	0	0	95	2	36	1	7	15	127	
837	8	TPC-0-N	3	0	0	112	2	37	1	6	0	96	
838	8	TPC-0-N	3	0	0	94	2	38	1	7	14	126	
839	8	TPC-0-N	3	0	0	113	2	39	1	6	1	97	
840	8	TPC-0-N	3	0	0	93	2	40	1	7	13	125	
841	8	TPC-0-N	3	0	0	114	2	41	1	6	2	98	
842	8	TPC-0-N	3	0	0	92	2	42	1	7	12	124	
843	8	TPC-0-N	3	0	0	115	2	43	1	6	3	99	
844	8	TPC-0-N	3	0	0	91	2	44	1	7	11	123	
845	8	TPC-0-N	3	0	0	116	2	45	1	6	4	100	
846	8	TPC-0-N	3	0	0	90	2	46	1	7	10	122	
847	8	TPC-0-N	3	0	0	117	2	47	1	6	5	101	
848	8	TPC-0-N	3	0	1	31	2	0	2	0	15	143	
849	8	TPC-0-N	3	0	1	48	2	1	2	1	0	144	
850	8	TPC-0-N	3	0	1	30	2	2	2	0	14	142	
851	8	TPC-0-N	3	0	1	49	2	3	2	1	1	145	
852	8	TPC-0-N	3	0	1	29	2	4	2	0	13	141	
853	8	TPC-0-N	3	0	1	50	2	5	2	1	2	146	
854	8	TPC-0-N	3	0	1	28	2	6	2	0	12	140	
855	8	TPC-0-N	3	0	1	51	2	7	2	1	3	147	
856	8	TPC-0-N	3	0	1	27	2	8	2	0	11	139	
857	8	TPC-0-N	3	0	1	52	2	9	2	1	4	148	
858	8	TPC-0-N	3	0	1	26	2	10	2	0	10	138	
859	8	TPC-0-N	3	0	1	53	2	11	2	1	5	149	
860	8	TPC-0-N	3	0	1	15	2	12	2	3	15	191	
861	8	TPC-0-N	3	0	1	32	2	13	2	2	0	160	
862	8	TPC-0-N	3	0	1	14	2	14	2	3	14	190	
863	8	TPC-0-N	3	0	1	33	2	15	2	2	1	161	
864	8	TPC-0-N	3	0	1	13	2	16	2	3	13	189	
865	8	TPC-0-N	3	0	1	34	2	17	2	2	2	162	
866	8	TPC-0-N	3	0	1	12	2	18	2	3	12	188	
867	8	TPC-0-N	3	0	1	35	2	19	2	2	3	163	
868	8	TPC-0-N	3	0	1	11	2	20	2	3	11	187	
869	8	TPC-0-N	3	0	1	36	2	21	2	2	4	164	
870	8	TPC-0-N	3	0	1	10	2	22	2	3	10	186	
871	8	TPC-0-N	3	0	1	37	2	23	2	2	5	165	
872	8	TPC-0-N	3	0	1	79	2	24	2	4	15	207	
873	8	TPC-0-N	3	0	1	96	2	25	2	5	0	208	
874	8	TPC-0-N	3	0	1	78	2	26	2	4	14	206	
875	8	TPC-0-N	3	0	1	97	2	27	2	5	1	209	
876	8	TPC-0-N	3	0	1	77	2	28	2	4	13	205	
877	8	TPC-0-N	3	0	1	98	2	29	2	5	2	210	
878	8	TPC-0-N	3	0	1	76	2	30	2	4	12	204	
879	8	TPC-0-N	3	0	1	99	2	31	2	5	3	211	
880	8	TPC-0-N	3	0	1	75	2	32	2	4	11	203	
881	8	TPC-0-N	3	0	1	100	2	33	2	5	4	212	
882	8	TPC-0-N	3	0	1	74	2	34	2	4	10	202	
883	8	TPC-0-N	3	0	1	101	2	35	2	5	5	213	
884	8	TPC-0-N	3	0	1	95	2	36	2	7	15	255	
885	8	TPC-0-N	3	0	1	112	2	37	2	6	0	224	
886	8	TPC-0-N	3	0	1	94	2	38	2	7	14	254	
887	8	TPC-0-N	3	0	1	113	2	39	2	6	1	225	
888	8	TPC-0-N	3	0	1	93	2	40	2	7	13	253	
889	8	TPC-0-N	3	0	1	114	2	41	2	6	2	226	
890	8	TPC-0-N	3	0	1	92	2	42	2	7	12	252	
891	8	TPC-0-N	3	0	1	115	2	43	2	6	3	227	
892	8	TPC-0-N	3	0	1	91	2	44	2	7	11	251	
893	8	TPC-0-N	3	0	1	116	2	45	2	6	4	228	
894	8	TPC-0-N	3	0	1	90	2	46	2	7	10	250	
895	8	TPC-0-N	3	0	1	117	2	47	2	6	5	229	
896	8	TPC-0-N	4	0	0	31	2	0	3	0	15	15	
897	8	TPC-0-N	4	0	0	48	2	1	3	1	0	16	
898	8	TPC-0-N	4	0	0	30	2	2	3	0	14	14	
899	8	TPC-0-N	4	0	0	49	2	3	3	1	1	17	
900	8	TPC-0-N	4	0	0	29	2	4	3	0	13	13	
901	8	TPC-0-N	4	0	0	50	2	5	3	1	2	18	
902	8	TPC-0-N	4	0	0	28	2	6	3	0	12	12	
903	8	TPC-0-N	4	0	0	51	2	7	3	1	3	19	
904	8	TPC-0-N	4	0	0	27	2	8	3	0	11	11	
905	8	TPC-0-N	4	0	0	52	2	9	3	1	4	20	
906	8	TPC-0-N	4	0	0	26	2	10	3	0	10	10	
907	8	TPC-0-N	4	0	0	53	2	11	3	1	5	21	
908	8	TPC-0-N	4	0	0	15	2	12	3	3	15	63	
909	8	TPC-0-N	4	0	0	32	2	13	3	2	0	32	
910	8	TPC-0-N	4	0	0	14	2	14	3	3	14	62	
911	8	TPC-0-N	4	0	0	33	2	15	3	2	1	33	
912	8	TPC-0-N	4	0	0	13	2	16	3	3	13	61	
913	8	TPC-0-N	4	0	0	34	2	17	3	2	2	34	
914	8	TPC-0-N	4	0	0	12	2	18	3	3	12	60	
915	8	TPC-0-N	4	0	0	35	2	19	3	2	3	35	
916	8	TPC-0-N	4	0	0	11	2	20	3	3	11	59	
917	8	TPC-0-N	4	0	0	36	2	21	3	2	4	36	
918	8	TPC-0-N	4	0	0	10	2	22	3	3	10	58	
919	8	TPC-0-N	4	0	0	37	2	23	3	2	5	37	
920	8	TPC-0-N	4	0	0	79	2	24	3	4	15	79	
921	8	TPC-0-N	4	0	0	96	2	25	3	5	0	80	
922	8	TPC-0-N	4	0	0	78	2	26	3	4	14	78	
923	8	TPC-0-N	4	0	0	97	2	27	3	5	1	81	
924	8	TPC-0-N	4	0	0	77	2	28	3	4	13	77	
925	8	TPC-0-N	4	0	0	98	2	29	3	5	2	82	
926	8	TPC-0-N	4	0	0	76	2	30	3	4	12	76	
927	8	TPC-0-N	4	0	0	99	2	31	3	5	3	83	
928	8	TPC-0-N	4	0	0	75	2	32	3	4	11	75	
929	8	TPC-0-N	4	0	0	100	2	33	3	5	4	84	
930	8	TPC-0-N	4	0	0	74	2	34	3	4	10	74	
931	8	TPC-0-N	4	0	0	101	2	35	3	5	5	85	
932	8	TPC-0-N	4	0	0	95	2	36	3	7	15	127	
933	8	TPC-0-N	4	0	0	112	2	37	3	6	0	96	
934	8	TPC-0-N	4	0	0	94	2	38	3	7	14	126	
935	8	TPC-0-N	4	0	0	113	2	39	3	6	1	97	
936	8	TPC-0-N	4	0	0	93	2	40	3	7	13	125	
937	8	TPC-0-N	4	0	0	114	2	41	3	6	2	98	
938	8	TPC-0-N	4	0	0	92	2	42	3	7	12	124	
939	8	TPC-0-N	4	0	0	115	2	43	3	6	3	99	
940	8	TPC-0-N	4	0	0	91	2	44	3	7	11	123	
941	8	TPC-0-N	4	0	0	116	2	45	3	6	4	100	
942	8	TPC-0-N	4	0	0	90	2	46	3	7	10	122	
943	8	TPC-0-N	4	0	0	117	2	47	3	6	5	101	
944	8	TPC-0-N	4	0	1	31	2	0	4	0	15	143	
945	8	TPC-0-N	4	0	1	48	2	1	4	1	0	144	
946	8	TPC-0-N	4	0	1	30	2	2	4	0	14	142	
947	8	TPC-0-N	4	0	1	49	2	3	4	1	1	145	
948	8	TPC-0-N	4	0	1	29	2	4	4	0	13	141	
949	8	TPC-0-N	4	0	1	50	2	5	4	1	2	146	
950	8	TPC-0-N	4	0	1	28	2	6	4	0	12	140	
951	8	TPC-0-N	4	0	1	51	2	7	4	1	3	147	
952	8	TPC-0-N	4	0	1	27	2	8	4	0	11	139	
953	8	TPC-0-N	4	0	1	52	2	9	4	1	4	148	
954	8	TPC-0-N	4	0	1	26	2	10	4	0	10	138	
955	8	TPC-0-N	4	0	1	53	2	11	4	1	5	149	
956	8	TPC-0-N	4	0	1	15	2	12	4	3	15	191	
957	8	TPC-0-N	4	0	1	32	2	13	4	2	0	160	
958	8	TPC-0-N	4	0	1	14	2	14	4	3	14	190	
959	8	TPC-0-N	4	0	1	33	2	15	4	2	1	161	
960	8	TPC-0-N	4	0	1	13	2	16	4	3	13	189	
961	8	TPC-0-N	4	0	1	34	2	17	4	2	2	162	
962	8	TPC-0-N	4	0	1	12	2	18	4	3	12	188	
963	8	TPC-0-N	4	0	1	35	2	19	4	2	3	163	
964	8	TPC-0-N	4	0	1	11	2	20	4	3	11	187	
965	8	TPC-0-N	4	0	1	36	2	21	4	2	4	164	
966	8	TPC-0-N	4	0	1	10	2	22	4	3	10	186	
967	8	TPC-0-N	4	0	1	37	2	23	4	2	5	165	
968	8	TPC-0-N	4	0	1	79	2	24	4	4	15	207	
969	8	TPC-0-N	4	0	1	96	2	25	4	5	0	208	
970	8	TPC-0-N	4	0	1	78	2	26	4	4	14	206	
971	8	TPC-0-N	4	0	1	97	2	27	4	5	1	209	
972	8	TPC-0-N	4	0	1	77	2	28	4	4	13	205	
973	8	TPC-0-N	4	0	1	98	2	29	4	5	2	210	
974	8	TPC-0-N	4	0	1	76	2	30	4	4	12	204	
975	8	TPC-0-N	4	0	1	99	2	31	4	5	3	211	
976	8	TPC-0-N	4	0	1	75	2	32	4	4	11	203	
977	8	TPC-0-N	4	0	1	100	2	33	4	5	4	212	
978	8	TPC-0-N	4	0	1	74	2	34	4	4	10	202	
979	8	TPC-0-N	4	0	1	101	2	35	4	5	5	213	
980	8	TPC-0-N	4	0	1	95	2	36	4	7	15	255	
981	8	TPC-0-N	4	0	1	112	2	37	4	6	0	224	
982	8	TPC-0-N	4	0	1	94	2	38	4	7	14	254	
983	8	TPC-0-N	4	0	1	113	2	39	4	6	1	225	
984	8	TPC-0-N	4	0	1	93	2	40	4	7	13	253	
985	8	TPC-0-N	4	0	1	114	2	41	4	6	2	226	
986	8	TPC-0-N	4	0	1	92	2	42	4	7	12	252	
987	8	TPC-0-N	4	0	1	115	2	43	4	6	3	227	
988	8	TPC-0-N	4	0	1	91	2	44	4	7	11	251	
989	8	TPC-0-N	4	0	1	116	2	45	4	6	4	228	
990	8	TPC-0-N	4	0	1	90	2	46	4	7	10	250	
991	8	TPC-0-N	4	0	1	117	2	47	4	6	5	229	
992	8	TPC-0-N	5	0	0	31	2	0	5	0	15	15	
993	8	TPC-0-N	5	0	0	48	2	1	5	1	0	16	
994	8	TPC-0-N	5	0	0	30	2	2	5	0	14	14	
995	8	TPC-0-N	5	0	0	49	2	3	5	1	1	17	
996	8	TPC-0-N	5	0	0	29	2	4	5	0	13	13	
997	8	TPC-0-N	5	0	0	50	2	5	5	1	2	18	
998	8	TPC-0-N	5	0	0	28	2	6	5	0	12	12	
999	8	TPC-0-N	5	0	0	51	2	7	5	1	3	19	
1000	8	TPC-0-N	5	0	0	27	2	8	5	0	11	11	
1001	8	TPC-0-N	5	0	0	52	2	9	5	1	4	20	
1002	8	TPC-0-N	5	0	0	26	2	10	5	0	10	10	
1003	8	TPC-0-N	5	0	0	53	2	11	5	1	5	21	
1004	8	TPC-0-N	5	0	0	15	2	12	5	3	15	63	
1005	8	TPC-0-N	5	0	0	32	2	13	5	2	0	32	
1006	8	TPC-0-N	5	0	0	14	2	14	5	3	14	62	
1007	8	TPC-0-N	5	0	0	33	2	15	5	2	1	33	
1008	8	TPC-0-N	5	0	0	13	2	16	5	3	13	61	
1009	8	TPC-0-N	5	0	0	34	2	17	5	2	2	34	
1010	8	TPC-0-N	5	0	0	12	2	18	5	3	12	60	
1011	8	TPC-0-N	5	0	0	35	2	19	5	2	3	35	
1012	8	TPC-0-N	5	0	0	11	2	20	5	3	11	59	
1013	8	TPC-0-N	5	0	0	36	2	21	5	2	4	36	
1014	8	TPC-0-N	5	0	0	10	2	22	5	3	10	58	
1015	8	TPC-0-N	5	0	0	37	2	23	5	2	5	37	
1016	8	TPC-0-N	5	0	0	79	2	24	5	4	15	79	
1017	8	TPC-0-N	5	0	0	96	2	25	5	5	0	80	
1018	8	TPC-0-N	5	0	0	78	2	26	5	4	14	78	
1019	8	TPC-0-N	5	0	0	97	2	27	5	5	1	81	
1020	8	TPC-0-N	5	0	0	77	2	28	5	4	13	77	
1021	8	TPC-0-N	5	0	0	98	2	29	5	5	2	82	
1022	8	TPC-0-N	5	0	0	76	2	30	5	4	12	76	
1023	8	TPC-0-N	5	0	0	99	2	31	5	5	3	83	
1024	8	TPC-0-N	5	0	0	75	2	32	5	4	11	75	
1025	8	TPC-0-N	5	0	0	100	2	33	5	5	4	84	
1026	8	TPC-0-N	5	0	0	74	2	34	5	4	10	74	
1027	8	TPC-0-N	5	0	0	101	2	35	5	5	5	85	
1028	8	TPC-0-N	5	0	0	95	2	36	5	7	15	127	
1029	8	TPC-0-N	5	0	0	112	2	37	5	6	0	96	
1030	8	TPC-0-N	5	0	0	94	2	38	5	7	14	126	
1031	8	TPC-0-N	5	0	0	113	2	39	5	6	1	97	
1032	8	TPC-0-N	5	0	0	93	2	40	5	7	13	125	
1033	8	TPC-0-N	5	0	0	114	2	41	5	6	2	98	
1034	8	TPC-0-N	5	0	0	92	2	42	5	7	12	124	
1035	8	TPC-0-N	5	0	0	115	2	43	5	6	3	99	
1036	8	TPC-0-N	5	0	0	91	2	44	5	7	11	123	
1037	8	TPC-0-N	5	0	0	116	2	45	5	6	4	100	
1038	8	TPC-0-N	5	0	0	90	2	46	5	7	10	122	
1039	8	TPC-0-N	5	0	0	117	2	47	5	6	5	101	
1040	8	TPC-0-S	3	1	0	117	2	47	10	6	5	101	
1041	8	TPC-0-S	3	1	0	90	2	46	10	7	10	122	
1042	8	TPC-0-S	3	1	0	116	2	45	10	6	4	100	
1043	8	TPC-0-S	3	1	0	91	2	44	10	7	11	123	
1044	8	TPC-0-S	3	1	0	115	2	43	10	6	3	99	
1045	8	TPC-0-S	3	1	0	92	2	42	10	7	12	124	
1046	8	TPC-0-S	3	1	0	114	2	41	10	6	2	98	
1047	8	TPC-0-S	3	1	0	93	2	40	10	7	13	125	
1048	8	TPC-0-S	3	1	0	113	2	39	10	6	1	97	
1049	8	TPC-0-S	3	1	0	94	2	38	10	7	14	126	
1050	8	TPC-0-S	3	1	0	112	2	37	10	6	0	96	
1051	8	TPC-0-S	3	1	0	95	2	36	10	7	15	127	
1052	8	TPC-0-S	3	1	0	101	2	35	10	5	5	85	
1053	8	TPC-0-S	3	1	0	74	2	34	10	4	10	74	
1054	8	TPC-0-S	3	1	0	100	2	33	10	5	4	84	
1055	8	TPC-0-S	3	1	0	75	2	32	10	4	11	75	
1056	8	TPC-0-S	3	1	0	99	2	31	10	5	3	83	
1057	8	TPC-0-S	3	1	0	76	2	30	10	4	12	76	
1058	8	TPC-0-S	3	1	0	98	2	29	10	5	2	82	
1059	8	TPC-0-S	3	1	0	77	2	28	10	4	13	77	
1060	8	TPC-0-S	3	1	0	97	2	27	10	5	1	81	
1061	8	TPC-0-S	3	1	0	78	2	26	10	4	14	78	
1062	8	TPC-0-S	3	1	0	96	2	25	10	5	0	80	
1063	8	TPC-0-S	3	1	0	79	2	24	10	4	15	79	
1064	8	TPC-0-S	3	1	0	37	2	23	10	2	5	37	
1065	8	TPC-0-S	3	1	0	10	2	22	10	3	10	58	
1066	8	TPC-0-S	3	1	0	36	2	21	10	2	4	36	
1067	8	TPC-0-S	3	1	0	11	2	20	10	3	11	59	
1068	8	TPC-0-S	3	1	0	35	2	19	10	2	3	35	
1069	8	TPC-0-S	3	1	0	12	2	18	10	3	12	60	
1070	8	TPC-0-S	3	1	0	34	2	17	10	2	2	34	
1071	8	TPC-0-S	3	1	0	13	2	16	10	3	13	61	
1072	8	TPC-0-S	3	1	0	33	2	15	10	2	1	33	
1073	8	TPC-0-S	3	1	0	14	2	14	10	3	14	62	
1074	8	TPC-0-S	3	1	0	32	2	13	10	2	0	32	
1075	8	TPC-0-S	3	1	0	15	2	12	10	3	15	63	
1076	8	TPC-0-S	3	1	0	53	2	11	10	1	5	21	
1077	8	TPC-0-S	3	1	0	26	2	10	10	0	10	10	
1078	8	TPC-0-S	3	1	0	52	2	9	10	1	4	20	
1079	8	TPC-0-S	3	1	0	27	2	8	10	0	11	11	
1080	8	TPC-0-S	3	1	0	51	2	7	10	1	3	19	
1081	8	TPC-0-S	3	1	0	28	2	6	10	0	12	12	
1082	8	TPC-0-S	3	1	0	50	2	5	10	1	2	18	
1083	8	TPC-0-S	3	1	0	29	2	4	10	0	13	13	
1084	8	TPC-0-S	3	1	0	49	2	3	10	1	1	17	
1085	8	TPC-0-S	3	1	0	30	2	2	10	0	14	14	
1086	8	TPC-0-S	3	1	0	48	2	1	10	1	0	16	
1087	8	TPC-0-S	3	1	0	31	2	0	10	0	15	15	
1088	8	TPC-0-S	3	1	1	117	2	47	9	6	5	229	
1089	8	TPC-0-S	3	1	1	90	2	46	9	7	10	250	
1090	8	TPC-0-S	3	1	1	116	2	45	9	6	4	228	
1091	8	TPC-0-S	3	1	1	91	2	44	9	7	11	251	
1092	8	TPC-0-S	3	1	1	115	2	43	9	6	3	227	
1093	8	TPC-0-S	3	1	1	92	2	42	9	7	12	252	
1094	8	TPC-0-S	3	1	1	114	2	41	9	6	2	226	
1095	8	TPC-0-S	3	1	1	93	2	40	9	7	13	253	
1096	8	TPC-0-S	3	1	1	113	2	39	9	6	1	225	
1097	8	TPC-0-S	3	1	1	94	2	38	9	7	14	254	
1098	8	TPC-0-S	3	1	1	112	2	37	9	6	0	224	
1099	8	TPC-0-S	3	1	1	95	2	36	9	7	15	255	
1100	8	TPC-0-S	3	1	1	101	2	35	9	5	5	213	
1101	8	TPC-0-S	3	1	1	74	2	34	9	4	10	202	
1102	8	TPC-0-S	3	1	1	100	2	33	9	5	4	212	
1103	8	TPC-0-S	3	1	1	75	2	32	9	4	11	203	
1104	8	TPC-0-S	3	1	1	99	2	31	9	5	3	211	
1105	8	TPC-0-S	3	1	1	76	2	30	9	4	12	204	
1106	8	TPC-0-S	3	1	1	98	2	29	9	5	2	210	
1107	8	TPC-0-S	3	1	1	77	2	28	9	4	13	205	
1108	8	TPC-0-S	3	1	1	97	2	27	9	5	1	209	
1109	8	TPC-0-S	3	1	1	78	2	26	9	4	14	206	
1110	8	TPC-0-S	3	1	1	96	2	25	9	5	0	208	
1111	8	TPC-0-S	3	1	1	79	2	24	9	4	15	207	
1112	8	TPC-0-S	3	1	1	37	2	23	9	2	5	165	
1113	8	TPC-0-S	3	1	1	10	2	22	9	3	10	186	
1114	8	TPC-0-S	3	1	1	36	2	21	9	2	4	164	
1115	8	TPC-0-S	3	1	1	11	2	20	9	3	11	187	
1116	8	TPC-0-S	3	1	1	35	2	19	9	2	3	163	
1117	8	TPC-0-S	3	1	1	12	2	18	9	3	12	188	
1118	8	TPC-0-S	3	1	1	34	2	17	9	2	2	162	
1119	8	TPC-0-S	3	1	1	13	2	16	9	3	13	189	
1120	8	TPC-0-S	3	1	1	33	2	15	9	2	1	161	
1121	8	TPC-0-S	3	1	1	14	2	14	9	3	14	190	
1122	8	TPC-0-S	3	1	1	32	2	13	9	2	0	160	
1123	8	TPC-0-S	3	1	1	15	2	12	9	3	15	191	
1124	8	TPC-0-S	3	1	1	53	2	11	9	1	5	149	
1125	8	TPC-0-S	3	1	1	26	2	10	9	0	10	138	
1126	8	TPC-0-S	3	1	1	52	2	9	9	1	4	148	
1127	8	TPC-0-S	3	1	1	27	2	8	9	0	11	139	
1128	8	TPC-0-S	3	1	1	51	2	7	9	1	3	147	
1129	8	TPC-0-S	3	1	1	28	2	6	9	0	12	140	
1130	8	TPC-0-S	3	1	1	50	2	5	9	1	2	146	
1131	8	TPC-0-S	3	1	1	29	2	4	9	0	13	141	
1132	8	TPC-0-S	3	1	1	49	2	3	9	1	1	145	
1133	8	TPC-0-S	3	1	1	30	2	2	9	0	14	142	
1134	8	TPC-0-S	3	1	1	48	2	1	9	1	0	144	
1135	8	TPC-0-S	3	1	1	31	2	0	9	0	15	143	
1136	8	TPC-0-S	4	1	0	117	2	47	8	6	5	101	
1137	8	TPC-0-S	4	1	0	90	2	46	8	7	10	122	
1138	8	TPC-0-S	4	1	0	116	2	45	8	6	4	100	
1139	8	TPC-0-S	4	1	0	91	2	44	8	7	11	123	
1140	8	TPC-0-S	4	1	0	115	2	43	8	6	3	99	
1141	8	TPC-0-S	4	1	0	92	2	42	8	7	12	124	
1142	8	TPC-0-S	4	1	0	114	2	41	8	6	2	98	
1143	8	TPC-0-S	4	1	0	93	2	40	8	7	13	125	
1144	8	TPC-0-S	4	1	0	113	2	39	8	6	1	97	
1145	8	TPC-0-S	4	1	0	94	2	38	8	7	14	126	
1146	8	TPC-0-S	4	1	0	112	2	37	8	6	0	96	
1147	8	TPC-0-S	4	1	0	95	2	36	8	7	15	127	
1148	8	TPC-0-S	4	1	0	101	2	35	8	5	5	85	
1149	8	TPC-0-S	4	1	0	74	2	34	8	4	10	74	
1150	8	TPC-0-S	4	1	0	100	2	33	8	5	4	84	
1151	8	TPC-0-S	4	1	0	75	2	32	8	4	11	75	
1152	8	TPC-0-S	4	1	0	99	2	31	8	5	3	83	
1153	8	TPC-0-S	4	1	0	76	2	30	8	4	12	76	
1154	8	TPC-0-S	4	1	0	98	2	29	8	5	2	82	
1155	8	TPC-0-S	4	1	0	77	2	28	8	4	13	77	
1156	8	TPC-0-S	4	1	0	97	2	27	8	5	1	81	
1157	8	TPC-0-S	4	1	0	78	2	26	8	4	14	78	
1158	8	TPC-0-S	4	1	0	96	2	25	8	5	0	80	
1159	8	TPC-0-S	4	1	0	79	2	24	8	4	15	79	
1160	8	TPC-0-S	4	1	0	37	2	23	8	2	5	37	
1161	8	TPC-0-S	4	1	0	10	2	22	8	3	10	58	
1162	8	TPC-0-S	4	1	0	36	2	21	8	2	4	36	
1163	8	TPC-0-S	4	1	0	11	2	20	8	3	11	59	
1164	8	TPC-0-S	4	1	0	35	2	19	8	2	3	35	
1165	8	TPC-0-S	4	1	0	12	2	18	8	3	12	60	
1166	8	TPC-0-S	4	1	0	34	2	17	8	2	2	34	
1167	8	TPC-0-S	4	1	0	13	2	16	8	3	13	61	
1168	8	TPC-0-S	4	1	0	33	2	15	8	2	1	33	
1169	8	TPC-0-S	4	1	0	14	2	14	8	3	14	62	
1170	8	TPC-0-S	4	1	0	32	2	13	8	2	0	32	
1171	8	TPC-0-S	4	1	0	15	2	12	8	3	15	63	
1172	8	TPC-0-S	4	1	0	53	2	11	8	1	5	21	
1173	8	TPC-0-S	4	1	0	26	2	10	8	0	10	10	
1174	8	TPC-0-S	4	1	0	52	2	9	8	1	4	20	
1175	8	TPC-0-S	4	1	0	27	2	8	8	0	11	11	
1176	8	TPC-0-S	4	1	0	51	2	7	8	1	3	19	
1177	8	TPC-0-S	4	1	0	28	2	6	8	0	12	12	
1178	8	TPC-0-S	4	1	0	50	2	5	8	1	2	18	
1179	8	TPC-0-S	4	1	0	29	2	4	8	0	13	13	
1180	8	TPC-0-S	4	1	0	49	2	3	8	1	1	17	
1181	8	TPC-0-S	4	1	0	30	2	2	8	0	14	14	
1182	8	TPC-0-S	4	1	0	48	2	1	8	1	0	16	
1183	8	TPC-0-S	4	1	0	31	2	0	8	0	15	15	
1184	8	TPC-0-S	4	1	1	117	2	47	7	6	5	229	
1185	8	TPC-0-S	4	1	1	90	2	46	7	7	10	250	
1186	8	TPC-0-S	4	1	1	116	2	45	7	6	4	228	
1187	8	TPC-0-S	4	1	1	91	2	44	7	7	11	251	
1188	8	TPC-0-S	4	1	1	115	2	43	7	6	3	227	
1189	8	TPC-0-S	4	1	1	92	2	42	7	7	12	252	
1190	8	TPC-0-S	4	1	1	114	2	41	7	6	2	226	
1191	8	TPC-0-S	4	1	1	93	2	40	7	7	13	253	
1192	8	TPC-0-S	4	1	1	113	2	39	7	6	1	225	
1193	8	TPC-0-S	4	1	1	94	2	38	7	7	14	254	
1194	8	TPC-0-S	4	1	1	112	2	37	7	6	0	224	
1195	8	TPC-0-S	4	1	1	95	2	36	7	7	15	255	
1196	8	TPC-0-S	4	1	1	101	2	35	7	5	5	213	
1197	8	TPC-0-S	4	1	1	74	2	34	7	4	10	202	
1198	8	TPC-0-S	4	1	1	100	2	33	7	5	4	212	
1199	8	TPC-0-S	4	1	1	75	2	32	7	4	11	203	
1200	8	TPC-0-S	4	1	1	99	2	31	7	5	3	211	
1201	8	TPC-0-S	4	1	1	76	2	30	7	4	12	204	
1202	8	TPC-0-S	4	1	1	98	2	29	7	5	2	210	
1203	8	TPC-0-S	4	1	1	77	2	28	7	4	13	205	
1204	8	TPC-0-S	4	1	1	97	2	27	7	5	1	209	
1205	8	TPC-0-S	4	1	1	78	2	26	7	4	14	206	
1206	8	TPC-0-S	4	1	1	96	2	25	7	5	0	208	
1207	8	TPC-0-S	4	1	1	79	2	24	7	4	15	207	
1208	8	TPC-0-S	4	1	1	37	2	23	7	2	5	165	
1209	8	TPC-0-S	4	1	1	10	2	22	7	3	10	186	
1210	8	TPC-0-S	4	1	1	36	2	21	7	2	4	164	
1211	8	TPC-0-S	4	1	1	11	2	20	7	3	11	187	
1212	8	TPC-0-S	4	1	1	35	2	19	7	2	3	163	
1213	8	TPC-0-S	4	1	1	12	2	18	7	3	12	188	
1214	8	TPC-0-S	4	1	1	34	2	17	7	2	2	162	
1215	8	TPC-0-S	4	1	1	13	2	16	7	3	13	189	
1216	8	TPC-0-S	4	1	1	33	2	15	7	2	1	161	
1217	8	TPC-0-S	4	1	1	14	2	14	7	3	14	190	
1218	8	TPC-0-S	4	1	1	32	2	13	7	2	0	160	
1219	8	TPC-0-S	4	1	1	15	2	12	7	3	15	191	
1220	8	TPC-0-S	4	1	1	53	2	11	7	1	5	149	
1221	8	TPC-0-S	4	1	1	26	2	10	7	0	10	138	
1222	8	TPC-0-S	4	1	1	52	2	9	7	1	4	148	
1223	8	TPC-0-S	4	1	1	27	2	8	7	0	11	139	
1224	8	TPC-0-S	4	1	1	51	2	7	7	1	3	147	
1225	8	TPC-0-S	4	1	1	28	2	6	7	0	12	140	
1226	8	TPC-0-S	4	1	1	50	2	5	7	1	2	146	
1227	8	TPC-0-S	4	1	1	29	2	4	7	0	13	141	
1228	8	TPC-0-S	4	1	1	49	2	3	7	1	1	145	
1229	8	TPC-0-S	4	1	1	30	2	2	7	0	14	142	
1230	8	TPC-0-S	4	1	1	48	2	1	7	1	0	144	
1231	8	TPC-0-S	4	1	1	31	2	0	7	0	15	143	
1232	8	TPC-0-S	5	0	1	117	2	47	6	6	5	229	
1233	8	TPC-0-S	5	0	1	90	2	46	6	7	10	250	
1234	8	TPC-0-S	5	0	1	116	2	45	6	6	4	228	
1235	8	TPC-0-S	5	0	1	91	2	44	6	7	11	251	
1236	8	TPC-0-S	5	0	1	115	2	43	6	6	3	227	
1237	8	TPC-0-S	5	0	1	92	2	42	6	7	12	252	
1238	8	TPC-0-S	5	0	1	114	2	41	6	6	2	226	
1239	8	TPC-0-S	5	0	1	93	2	40	6	7	13	253	
1240	8	TPC-0-S	5	0	1	113	2	39	6	6	1	225	
1241	8	TPC-0-S	5	0	1	94	2	38	6	7	14	254	
1242	8	TPC-0-S	5	0	1	112	2	37	6	6	0	224	
1243	8	TPC-0-S	5	0	1	95	2	36	6	7	15	255	
1244	8	TPC-0-S	5	0	1	101	2	35	6	5	5	213	
1245	8	TPC-0-S	5	0	1	74	2	34	6	4	10	202	
1246	8	TPC-0-S	5	0	1	100	2	33	6	5	4	212	
1247	8	TPC-0-S	5	0	1	75	2	32	6	4	11	203	
1248	8	TPC-0-S	5	0	1	99	2	31	6	5	3	211	
1249	8	TPC-0-S	5	0	1	76	2	30	6	4	12	204	
1250	8	TPC-0-S	5	0	1	98	2	29	6	5	2	210	
1251	8	TPC-0-S	5	0	1	77	2	28	6	4	13	205	
1252	8	TPC-0-S	5	0	1	97	2	27	6	5	1	209	
1253	8	TPC-0-S	5	0	1	78	2	26	6	4	14	206	
1254	8	TPC-0-S	5	0	1	96	2	25	6	5	0	208	
1255	8	TPC-0-S	5	0	1	79	2	24	6	4	15	207	
1256	8	TPC-0-S	5	0	1	37	2	23	6	2	5	165	
1257	8	TPC-0-S	5	0	1	10	2	22	6	3	10	186	
1258	8	TPC-0-S	5	0	1	36	2	21	6	2	4	164	
1259	8	TPC-0-S	5	0	1	11	2	20	6	3	11	187	
1260	8	TPC-0-S	5	0	1	35	2	19	6	2	3	163	
1261	8	TPC-0-S	5	0	1	12	2	18	6	3	12	188	
1262	8	TPC-0-S	5	0	1	34	2	17	6	2	2	162	
1263	8	TPC-0-S	5	0	1	13	2	16	6	3	13	189	
1264	8	TPC-0-S	5	0	1	33	2	15	6	2	1	161	
1265	8	TPC-0-S	5	0	1	14	2	14	6	3	14	190	
1266	8	TPC-0-S	5	0	1	32	2	13	6	2	0	160	
1267	8	TPC-0-S	5	0	1	15	2	12	6	3	15	191	
1268	8	TPC-0-S	5	0	1	53	2	11	6	1	5	149	
1269	8	TPC-0-S	5	0	1	26	2	10	6	0	10	138	
1270	8	TPC-0-S	5	0	1	52	2	9	6	1	4	148	
1271	8	TPC-0-S	5	0	1	27	2	8	6	0	11	139	
1272	8	TPC-0-S	5	0	1	51	2	7	6	1	3	147	
1273	8	TPC-0-S	5	0	1	28	2	6	6	0	12	140	
1274	8	TPC-0-S	5	0	1	50	2	5	6	1	2	146	
1275	8	TPC-0-S	5	0	1	29	2	4	6	0	13	141	
1276	8	TPC-0-S	5	0	1	49	2	3	6	1	1	145	
1277	8	TPC-0-S	5	0	1	30	2	2	6	0	14	142	
1278	8	TPC-0-S	5	0	1	48	2	1	6	1	0	144	
1279	8	TPC-0-S	5	0	1	31	2	0	6	0	15	143	
